10

4
Samantha
Fair
Brandee
Austin
3 4 1 2
3 1 2 4
2 3 4 1
3 1 4 2
3 2 4 1
3 2 1 4
4 3 1 2
2 3 1 4
3 2 1 4
1 2 4 3
4 1 2 3
1 2 4 3
3 2 4 1
4 3 1 2
4 1 3 2
3 4 1 2
2 1 4 3
3 2 4 1
4 3 2 1
1 2 4 3

3
Moocow
Jahn
Zach
2 3 1
3 2 1
3 1 2
3 1 2
3 1 2
1 2 3
3 2 1
1 2 3
2 3 1
3 1 2
3 1 2
3 2 1
3 2 1
3 2 1
3 1 2
2 3 1
1 3 2
1 3 2
1 3 2
1 2 3
3 1 2
3 1 2
1 3 2

3
Babooshka
Imlosingit
Sendhelp
2 3 1
2 3 1
1 2 3
3 2 1
2 1 3
3 1 2
1 2 3
1 3 2
3 2 1
3 2 1
1 2 3
1 3 2

3
Sloppy Joe
Pizza Steve
Cereal Jordan
3 1 2
2 1 3
1 2 3
2 1 3
2 3 1
2 1 3
2 1 3
2 3 1
1 2 3
3 1 2
1 3 2
1 2 3
3 2 1
1 2 3
3 1 2
1 3 2
3 1 2
2 1 3
2 1 3
2 1 3
2 3 1
2 3 1
1 3 2
3 1 2
3 2 1
2 1 3
2 3 1
1 3 2
3 1 2
2 1 3
3 2 1
2 3 1
1 2 3
2 1 3
3 2 1
3 2 1
3 1 2
3 1 2
2 1 3
1 2 3
1 3 2
3 1 2
2 1 3
3 2 1
2 1 3
3 2 1
2 3 1
1 3 2
1 2 3
3 1 2

2
Yes
No
1 2
2 1
2 1
2 1
1 2
2 1
1 2
1 2
2 1
1 2
1 2
2 1
1 2
2 1
2 1
2 1
1 2
2 1
1 2
2 1
2 1
2 1
1 2
2 1
1 2
2 1
2 1
2 1
1 2
2 1
1 2
2 1
2 1
2 1
2 1
1 2
2 1
2 1
2 1
1 2
2 1
1 2
2 1
2 1
2 1
1 2
1 2
2 1
2 1
2 1
1 2
2 1
1 2
2 1
2 1
2 1
1 2
2 1
1 2
2 1
1 2
2 1
2 1
2 1
1 2
1 2
2 1
2 1
2 1
1 2
2 1
1 2
2 1
2 1
2 1
1 2
2 1
1 2
2 1
1 2
2 1
2 1
2 1
1 2
1 2
2 1
2 1
2 1
1 2
2 1
1 2
2 1
2 1
2 1
1 2

4
Nickolodean
Captain Crunch
Cartoon Network
Reeces Puffs
2 3 4 1
1 3 2 4
3 4 1 2
1 3 2 4
1 3 2 4
1 2 4 3
4 1 3 2
1 3 4 2
4 1 3 2
3 1 2 4
2 1 3 4
4 3 1 2
2 3 1 4
4 1 3 2
4 2 3 1

3
Lesley Knope
Michael Scott
From the Same Show
3 1 2
2 1 3
1 3 2
3 1 2
2 3 1
1 3 2
2 3 1
3 1 2
3 2 1
1 2 3
1 3 2
2 1 3
2 3 1
2 3 1
2 3 1
3 1 2
2 3 1
1 2 3
2 1 3
3 1 2
3 2 1
1 3 2
3 2 1
3 2 1
1 3 2
3 2 1
2 3 1
1 2 3
2 1 3
1 3 2
2 3 1
1 3 2
1 3 2
1 2 3
2 1 3
2 1 3
1 2 3
1 2 3
3 1 2
1 3 2
2 1 3
2 3 1
1 3 2
2 3 1
2 1 3
1 2 3
3 2 1
1 2 3
2 3 1
2 1 3
3 1 2
3 1 2
3 1 2
2 1 3
2 3 1
3 2 1
3 1 2
2 3 1
1 3 2
2 3 1
2 3 1
2 3 1
2 3 1
2 1 3
3 2 1
3 2 1
3 1 2
2 1 3
1 3 2
1 3 2
2 1 3
1 3 2
2 3 1
1 2 3
1 3 2
3 1 2
3 2 1
1 2 3
3 2 1
1 3 2
1 2 3
3 1 2
3 1 2
1 2 3
2 3 1
2 3 1
3 2 1
2 1 3
3 2 1
1 3 2
3 1 2
2 3 1
2 3 1
2 1 3
3 1 2
3 2 1
2 3 1
2 3 1
2 3 1
3 2 1

3
Six
Seven
Eight
3 1 2
2 3 1
1 2 3
1 2 3
1 3 2
3 1 2
2 3 1
2 1 3
2 1 3
1 3 2
3 1 2
3 1 2
3 2 1
3 1 2
2 3 1
2 1 3
3 2 1
3 1 2
2 3 1
3 1 2
2 1 3
1 3 2
1 3 2
1 2 3
3 2 1
1 2 3
1 3 2
2 3 1
2 3 1
1 3 2
3 2 1
2 1 3
1 2 3
3 2 1
3 2 1
2 3 1
1 2 3
3 2 1
2 1 3
3 1 2
2 1 3
3 1 2
1 3 2
1 2 3
1 3 2
2 1 3
3 1 2
2 1 3
2 3 1
2 3 1
1 2 3
1 2 3
3 2 1
3 1 2
1 2 3
3 2 1
1 2 3
3 2 1
2 1 3
3 1 2
1 2 3
3 2 1
2 3 1
1 2 3
2 3 1
1 2 3
3 2 1
1 2 3
1 2 3
3 1 2
2 3 1
1 3 2
3 2 1

5
CS 439
CS 471P
CS 429
CS 311
CS GetMeOut
3 2 5 1 4
3 1 4 5 2
5 3 1 4 2
5 1 3 4 2
3 5 4 1 2
5 1 4 2 3
1 5 4 2 3
5 1 3 2 4
5 4 1 2 3
1 5 4 2 3
4 1 5 3 2
3 2 5 1 4
2 4 5 3 1
1 2 5 4 3
5 2 4 1 3
4 1 5 3 2
1 4 5 2 3
4 3 2 1 5
2 3 4 5 1
1 2 3 5 4
3 1 5 4 2
3 5 4 2 1
2 5 1 4 3
5 4 2 3 1
3 5 2 4 1
1 5 2 3 4
2 3 1 4 5
4 5 1 2 3
5 3 2 1 4
1 5 3 4 2
2 4 5 1 3
1 3 5 4 2
2 1 3 4 5
3 4 5 1 2
2 1 4 5 3
2 5 3 4 1
1 3 5 4 2
5 3 2 4 1

4
Apple
Orange
Grape
Tomato
2 4 3 1
3 1 2 4
2 4 3 1
1 2 3 4
2 4 3 1
2 4 3 1
1 2 3 4
1 2 4 3
2 4 3 1
1 2 3 4
4 1 2 3
3 1 2 4
1 2 3 4
1 2 3 4
4 1 2 3
1 2 4 3
2 4 3 1
1 2 4 3
4 1 2 3
4 1 2 3
2 4 3 1
4 1 2 3
2 4 3 1
1 2 4 3
1 2 4 3
2 1 4 3
1 2 4 3
2 1 4 3
1 2 4 3
2 4 3 1
2 1 4 3
4 1 2 3
1 2 3 4
4 1 2 3
2 1 4 3
1 2 4 3
2 1 4 3
2 4 3 1
3 1 2 4
4 1 2 3
4 1 2 3
3 1 2 4
1 2 3 4
2 1 4 3
2 4 3 1
3 1 2 4
4 1 2 3
4 1 2 3
1 2 3 4
2 4 3 1
3 1 2 4
2 1 4 3
3 1 2 4
2 4 3 1
3 1 2 4
3 1 2 4
1 2 4 3
1 2 3 4
1 2 3 4
1 2 3 4
2 4 3 1
3 1 2 4
1 2 4 3
4 1 2 3
2 1 4 3
2 1 4 3
1 2 3 4
3 1 2 4
1 2 3 4
3 1 2 4
1 2 3 4
4 1 2 3
2 4 3 1
3 1 2 4
1 2 3 4
1 2 3 4
1 2 3 4
2 4 3 1
1 2 3 4
1 2 3 4
4 1 2 3
2 1 4 3
4 1 2 3
4 1 2 3
1 2 4 3
3 1 2 4
2 4 3 1
2 4 3 1
4 1 2 3
2 4 3 1
2 1 4 3
1 2 4 3
1 2 3 4
1 2 3 4
4 1 2 3
3 1 2 4
4 1 2 3
1 2 3 4
2 1 4 3
3 1 2 4
4 1 2 3
1 2 3 4
2 1 4 3
3 1 2 4
3 1 2 4
4 1 2 3
2 1 4 3
2 1 4 3
4 1 2 3
1 2 3 4
2 4 3 1
1 2 4 3
2 4 3 1
2 1 4 3
1 2 4 3
3 1 2 4
3 1 2 4
3 1 2 4
2 4 3 1
1 2 4 3
2 1 4 3
1 2 4 3
3 1 2 4
2 4 3 1
1 2 4 3
1 2 3 4
2 1 4 3
2 1 4 3
3 1 2 4
4 1 2 3
2 4 3 1
1 2 4 3
3 1 2 4
2 1 4 3
1 2 3 4
4 1 2 3
4 1 2 3
3 1 2 4
2 1 4 3
2 1 4 3
3 1 2 4
1 2 4 3
1 2 4 3
4 1 2 3
4 1 2 3
2 4 3 1
3 1 2 4
1 2 4 3
1 2 4 3
1 2 4 3
1 2 4 3
1 2 3 4
3 1 2 4
2 4 3 1
4 1 2 3
2 1 4 3
2 4 3 1
1 2 4 3
2 4 3 1
4 1 2 3
1 2 4 3
1 2 3 4
1 2 4 3
4 1 2 3
4 1 2 3
3 1 2 4
2 4 3 1
3 1 2 4
3 1 2 4
1 2 3 4
1 2 4 3
4 1 2 3
2 4 3 1
4 1 2 3
1 2 3 4
3 1 2 4
1 2 3 4
3 1 2 4
1 2 3 4
4 1 2 3
1 2 4 3
1 2 3 4
3 1 2 4
4 1 2 3
2 4 3 1
2 4 3 1
2 4 3 1
2 1 4 3
3 1 2 4
1 2 4 3
2 4 3 1
2 4 3 1
4 1 2 3
3 1 2 4
2 1 4 3
1 2 3 4
3 1 2 4
4 1 2 3
2 1 4 3
4 1 2 3
1 2 4 3
1 2 4 3
2 4 3 1
2 4 3 1
1 2 3 4
2 1 4 3
2 1 4 3
3 1 2 4
1 2 3 4
1 2 4 3
4 1 2 3
2 4 3 1
1 2 4 3
2 1 4 3
1 2 3 4
4 1 2 3
1 2 3 4
1 2 3 4
2 1 4 3
2 1 4 3
1 2 3 4
4 1 2 3
4 1 2 3
2 4 3 1
4 1 2 3
2 1 4 3
2 4 3 1
2 4 3 1
1 2 4 3
2 1 4 3
2 4 3 1
3 1 2 4
2 4 3 1
2 1 4 3
3 1 2 4
2 1 4 3
2 1 4 3
4 1 2 3
1 2 4 3
2 1 4 3
1 2 3 4
2 1 4 3
1 2 4 3
2 4 3 1
2 1 4 3
2 4 3 1
2 1 4 3
1 2 4 3
1 2 3 4
2 1 4 3
2 1 4 3
2 4 3 1
1 2 4 3
4 1 2 3
2 4 3 1
1 2 3 4
1 2 4 3
3 1 2 4
3 1 2 4
1 2 3 4
2 1 4 3
1 2 3 4
3 1 2 4
1 2 4 3
4 1 2 3
2 1 4 3
2 4 3 1
3 1 2 4
4 1 2 3
1 2 3 4
1 2 4 3
3 1 2 4
1 2 4 3
3 1 2 4
1 2 3 4
1 2 4 3
2 1 4 3
1 2 4 3
2 4 3 1
3 1 2 4
4 1 2 3
2 1 4 3
1 2 4 3
1 2 4 3
4 1 2 3
1 2 3 4
1 2 3 4
1 2 4 3
1 2 4 3
2 1 4 3
3 1 2 4
2 1 4 3
2 1 4 3
1 2 3 4
2 1 4 3
2 1 4 3
1 2 3 4
3 1 2 4
1 2 4 3
2 4 3 1
1 2 4 3
1 2 4 3
4 1 2 3
4 1 2 3
3 1 2 4
2 4 3 1
2 1 4 3
1 2 4 3
2 4 3 1
3 1 2 4
1 2 3 4
4 1 2 3
3 1 2 4
2 1 4 3
3 1 2 4
3 1 2 4
4 1 2 3
1 2 3 4
4 1 2 3
1 2 4 3
4 1 2 3
1 2 4 3
4 1 2 3
1 2 3 4
2 4 3 1
3 1 2 4
1 2 4 3
2 4 3 1
3 1 2 4
1 2 3 4
2 4 3 1
2 1 4 3
1 2 3 4
2 1 4 3
2 4 3 1
2 1 4 3