10

8
Sasuke Uchiha
Kakashi Hatake
Itachi Uchiha
Naruto Uzumaki
Hinata Hyuga
Might Guy
Killer B
Hagoromo Otsutsuki
8 7 6 4 2 1 3 5
2 6 5 8 3 4 1 7
5 3 2 1 4 7 8 6
7 6 1 5 4 8 2 3
7 5 6 8 2 1 4 3
3 4 6 8 1 2 7 5
4 3 6 7 8 1 5 2
7 3 4 2 1 6 5 8
1 2 7 3 4 6 5 8
7 2 1 8 3 5 4 6
8 7 5 3 6 1 2 4
3 8 7 6 2 1 4 5
3 1 7 4 8 2 5 6
4 1 2 7 6 3 5 8
6 1 7 2 3 8 5 4
1 2 8 6 7 3 5 4
6 8 7 1 2 4 3 5
3 4 7 1 2 8 5 6
8 4 7 1 2 3 5 6
5 1 3 6 7 8 2 4
4 1 3 5 2 7 6 8
3 5 2 6 7 1 8 4
4 6 3 1 2 8 7 5
4 8 3 2 5 7 1 6
4 6 3 5 8 7 1 2
1 5 4 8 6 3 7 2
1 3 4 7 2 8 6 5
5 8 7 2 3 4 1 6
5 7 2 4 1 8 6 3
7 1 6 2 3 5 8 4
2 6 4 8 3 1 5 7
8 3 6 2 4 5 7 1
1 4 6 7 3 2 5 8
3 2 4 6 7 1 8 5
3 1 2 7 5 8 6 4
2 3 6 7 5 4 8 1
4 2 3 1 6 5 7 8
7 3 2 4 8 5 1 6
1 2 7 5 4 3 8 6
5 6 8 2 1 3 7 4

5
Kendrick Lamar
Jay Rock
Ab Soul
Schoolboy Q
Isaiah Rashad
1 2 3 4 5
2 3 4 5 1
4 2 3 1 5
1 2 3 5 4
3 2 1 5 4
2 1 4 3 5
2 4 1 5 3
1 2 4 3 5
5 1 3 4 2
3 4 1 2 5
5 4 2 1 3
3 4 5 1 2
4 5 3 1 2
4 3 1 2 5
1 4 5 3 2
1 2 5 4 3
5 1 3 2 4
3 5 2 4 1
3 4 2 1 5
5 4 2 1 3
3 1 2 4 5
3 1 2 4 5
1 2 5 4 3
2 5 4 3 1
3 4 5 1 2
2 1 5 4 3
1 5 2 4 3
2 4 1 5 3
3 5 1 4 2
1 2 4 3 5
4 2 3 5 1
5 1 2 3 4
1 5 2 3 4
1 2 3 5 4
5 4 1 3 2
1 4 2 3 5
5 1 3 2 4
2 3 1 5 4
3 2 5 4 1
3 5 2 4 1
5 3 1 2 4
4 1 2 3 5

2
Donald Trump
Hillary Clinton
2 1
2 1
2 1
1 2
2 1
1 2
1 2
2 1
1 2
1 2
2 1
2 1
1 2
1 2
2 1
2 1
1 2
2 1
2 1
2 1
2 1
2 1
1 2
1 2
2 1
2 1
2 1
1 2
1 1
1 2
2 1
1 2
1 2
1 2
2 1
1 2
1 2
1 2
1 2
2 1
2 1
1 2
1 2
2 1
1 2
1 2
1 2
2 1
1 2
1 2

6
Frank Sinatra
Elvis PResley
Michael Jackson
Paul McCartney
Freddie Mercury
Prince
3 6 1 4 5 2
6 1 2 5 4 3
3 2 6 5 4 1
2 3 1 5 4 6
2 5 3 1 6 4
6 5 3 2 1 4
6 1 4 2 3 5
6 3 4 2 1 5
5 1 4 2 3 6
5 1 2 4 6 3
1 6 4 5 2 3
5 3 4 6 1 2
3 6 4 1 5 2
4 3 1 5 6 2
5 2 1 6 3 4
3 1 2 5 6 4
5 1 3 4 6 2
6 5 1 4 3 2
2 6 5 4 3 1
1 6 3 5 4 2
4 3 2 1 6 5
3 4 2 1 6 5
3 4 1 6 2 5
3 2 1 5 6 4
1 3 6 2 4 5
5 1 2 3 4 6
1 2 3 4 6 5
4 2 3 1 5 6
1 4 6 5 2 3
6 1 2 3 4 5
1 2 3 4 6 5
3 4 1 2 5 6
3 4 5 1 2 6
6 5 4 2 1 3
2 1 4 5 3 6
2 1 6 4 5 3
5 1 6 3 4 2
2 1 5 6 4 3
5 1 2 6 3 4

3
The Ugly
The Bad
The Good
2 3 1
2 3 1
2 1 3
2 3 1
3 2 1
2 1 3
2 1 3
3 2 1
3 1 2
2 1 3
3 2 1
1 3 2
2 1 3
2 1 3
1 3 2
2 3 1
3 1 2
2 1 3
3 1 2
3 2 1
1 2 3
1 3 2
2 1 3
3 1 2
1 2 3
1 3 2
1 3 2
1 2 3
3 1 2
3 1 2
1 2 3
1 3 2
2 3 1
3 1 2
3 2 1
1 3 2
1 3 2
1 2 3
3 2 1
3 2 1
2 1 3
2 1 3
1 3 2
2 1 3
3 1 2
3 2 1
3 1 2
1 3 2
1 3 2
1 2 3

4
Bill Gates
Elon Musk
Steve Jobs
Satya Nadella
4 3 2 1
2 4 3 1
2 1 3 4
3 2 1 4
1 3 2 4
4 1 3 2
3 1 2 4
4 1 2 3
3 1 2 4
2 1 4 3
2 1 3 4
1 2 3 4
4 1 2 3
4 1 3 2
3 4 1 2
2 3 1 4
1 4 3 2
2 3 1 4
3 2 1 4
2 1 4 3
4 2 1 3
1 3 2 4
3 4 2 1
1 2 4 3
3 1 2 4
4 1 2 3
4 2 1 3
2 1 3 4
2 1 3 2
2 3 1 4
1 2 4 3
1 3 2 4
2 3 4 1
2 4 3 1
3 4 2 1
1 4 3 2
4 2 3 1
1 4 3 2
1 3 4 2
3 1 2 4
4 1 2 3
4 3 2 1
3 1 2 4
4 1 2 3
4 2 3 1
1 4 3 2
4 1 3 2
3 4 1 2
4 2 3 1
4 3 1 2

7
Donald Duck
Mickey Mouse
Bugs Bunny
SpongeBob SquarePants
Scooby Doo
Charlie brown
Daffy Duck
2 1 7 4 5 3 6
2 1 4 5 3 6 7
2 1 5 6 4 3 7
5 1 6 3 4 2 7
5 1 2 7 6 3 4
3 6 7 4 5 2 1
3 2 6 5 4 1 7
2 3 1 5 7 6 4
7 5 3 1 6 4 2
6 1 4 2 7 5 3
6 7 3 2 1 4 5
7 1 2 5 4 3 6
6 3 4 2 1 7 5
5 1 7 2 3 6 4
1 7 4 5 2 3 6
5 3 4 6 7 2 1
3 1 2 5 7 4 6
1 6 3 5 4 2 7
3 6 7 1 5 2 4
5 2 1 6 3 4 7
5 1 7 4 6 2 3
6 5 1 4 3 2 7
2 6 5 7 3 1 4
4 3 1 7 6 2 5
4 3 7 1 6 5 2
3 4 2 7 6 5 1
3 2 1 7 6 4 5
1 3 6 7 4 5 2
5 1 2 3 7 6 4
7 4 1 6 2 5 3
4 2 3 1 5 6 7
1 4 6 7 2 3 5
6 1 2 3 4 7 5
1 7 3 4 6 5 2
1 2 7 4 6 5 3
3 4 7 2 5 6 1
3 4 7 1 2 6 5
6 5 4 7 1 3 2
5 1 2 6 3 4 7

9
Lebron James
Michael Jordan
Kevin Durant
Magic Johnson
Dwyane Wade
Kobe Bryant
Larry Bird
Tim Duncan
Shaquille O'Neal
7 6 5 8 9 4 1 2 3
9 5 6 8 2 1 4 3 7
3 4 6 8 1 2 7 5 9
4 6 3 1 2 9 7 5 8
4 3 9 7 8 1 5 2 6
5 3 2 1 4 9 8 6 7
5 9 8 2 1 3 7 4 6
3 1 2 9 5 8 6 4 7
1 9 7 3 4 6 5 8 2
1 2 3 4 5 6 7 8 9
3 8 7 6 2 1 4 9 5
8 7 6 4 2 1 3 5 9
6 1 9 2 3 8 5 4 7
1 9 8 6 7 3 5 4 2
6 8 7 9 2 4 3 5 1
3 4 7 1 9 8 5 6 2
7 3 4 2 9 6 5 8 1
8 9 7 1 2 3 5 6 4
5 7 2 4 1 8 6 3 9
5 1 3 6 7 8 9 4 2
2 3 6 7 9 4 8 1 5
4 1 3 5 2 7 9 8 6
4 1 9 7 6 3 5 8 2
7 2 1 8 9 5 4 6 3
1 3 4 7 2 8 9 5 6
5 8 7 2 3 4 9 6 1
8 3 6 2 4 5 7 1 9
1 5 4 9 6 3 7 2 8
9 1 6 2 3 5 8 4 7
2 6 4 8 9 1 5 7 3
4 8 3 2 5 7 1 6 2
3 9 4 6 7 1 8 5 9
3 1 7 9 8 2 5 6 4
1 4 6 7 3 2 9 8 5
3 5 2 6 7 9 8 4 1
4 9 3 5 8 7 1 2 6
7 3 2 9 8 5 1 6 4
7 6 1 9 4 8 2 3 5
4 2 3 1 6 5 7 8 9
9 2 7 5 4 3 8 6 1

10
Andrew Yang
John Delaney
Elizabeth Warren
Julian Castro
Tulsi Gabbard
Kamala Harris
Pete Buttigieg
Cory Booker
Amy Klobuchar
Bernie Sanders
9 2 7 10 4 3 8 6 1 5
3 8 7 10 2 1 4 9 5 6
1 9 7 3 10 6 5 8 2 4
3 1 2 9 10 8 6 4 7 5
1 2 3 4 5 10 7 8 9 6
3 10 7 6 2 1 4 9 5 8
7 3 4 2 10 6 5 8 1 6
8 7 6 4 10 1 3 5 9 2
1 9 8 6 7 3 5 10 2 4
6 8 7 10 2 4 3 5 1 9
4 3 1 7 9 8 5 6 2 10
8 9 7 1 2 3 10 6 4 5
7 2 1 10 9 5 4 6 3 8
7 6 1 9 4 8 2 10 5 3
5 10 8 2 1 3 7 4 6 9
5 1 3 10 7 8 9 4 2 6
4 1 9 7 6 3 10 8 2 5
4 1 3 5 2 10 9 8 6 7
5 7 2 4 10 8 6 3 9 1
10 3 4 7 8 2 9 5 6 1
2 3 6 7 10 4 8 1 5 9
10 1 9 2 3 8 5 4 7 6
4 10 3 1 6 5 7 8 9 2
5 3 2 6 7 9 8 4 10 1
4 9 3 5 8 7 2 1 6 10
10 9 8 6 7 3 5 4 1 2
7 3 2 9 8 5 1 10 4 6
8 10 6 4 2 1 3 5 9 7
6 10 9 2 3 8 5 4 7 1

15
Squirtle
Bulbasaur
Weedle
Charizard
Pikachu
Pidgey
Ekans
Sandshrew
Clefairy
Arbok
Ninetales
Paras
Meowth
Psyduck
Ponyta
1 11 9 7 12 3 10 6 5 8 2 14 4 13 15
13 3 8 7 10 2 15 12 1 4 9 5 6 11 14
15 14 13 12 11 3 1 2 9 10 8 6 4 7 5
1 2 3 4 5 10 7 8 9 6 15 14 13 12 11
1 14 9 13 8 6 12 7 3 5 10 11 2 4 15
1 2 3 4 5 6 7 8 9 10 11 12 13 14 15
3 13 14 12 10 7 6 2 1 4 9 5 8 15 11
15 7 3 12 4 2 10 11 6 5 8 13 1 6 14
11 8 12 7 6 4 13 10 1 15 3 5 9 2 14
11 9 2 7 15 10 4 3 8 6 1 5 12 13 14
6 10 9 15 14 2 3 13 12 8 5 4 11 7 1
11 12 13 14 15 4 3 1 7 9 8 5 6 2 10
11 12 13 15 14 7 2 1 10 9 5 4 6 3 8
14 6 10 13 9 2 12 3 8 5 11 4 7 1 15
12 14 8 15 9 7 11 13 1 2 3 10 6 4 5
12 7 14 15 11 13 6 1 9 4 8 2 10 5 3
5 15 10 14 8 2 11 1 3 7 12 4 6 13 9
15 5 1 12 3 13 10 7 14 8 9 4 2 11 6
13 4 12 1 9 11 7 6 3 10 8 15 2 14 5
4 1 15 3 14 5 2 13 10 9 8 6 7 11 12
14 4 10 15 3 1 6 13 5 7 8 12 9 11 2
4 9 3 5 8 14 15 7 2 1 11 12 13 6 10
12 13 2 3 6 11 7 10 4 8 1 5 9 14 15
6 8 7 10 2 4 3 5 1 11 12 13 14 15 9
5 13 7 14 2 4 11 10 8 12 6 3 9 1 15
10 3 14 4 7 8 15 2 9 5 6 11 12 13 1
10 1 9 2 3 8 5 15 4 7 6 11 12 13 14
11 10 9 12 8 13 6 7 3 15 5 4 1 2 14
11 12 7 3 2 9 8 5 1 10 4 6 13 14 15
8 10 13 6 12 4 11 2 15 1 3 5 9 14 7
5 3 15 13 2 12 6 7 9 11 8 4 10 1 14
13 6 10 9 11 2 3 14 8 15 5 4 7 1 12
6 10 9 2 3 11 12 8 5 13 14 15 4 7 1
