13

3
name1
name2
name3
1 2 3
3 2 1
2 1 3
3 1 2
2 3 1
3 2 1
3 2 1

3
name1
name2
name3
1 2 3
1 2 3
3 2 1
3 2 1
2 1 3
2 1 3
3 1 2
3 1 2
2 3 1
2 3 1
3 2 1
3 2 1

5
name1
name2
name3
name4
name5
2 1 5 4 3
3 1 2 4 5
5 2 4 1 3
4 2 1 3 5
3 1 2 4 5
5 3 4 1 2
4 3 2 1 5

6
name1
name2
name3
name4
name5
name6
6 2 1 5 4 3
3 6 1 2 4 5
5 2 6 4 1 3
4 2 1 6 3 5
3 1 2 4 6 5
5 3 4 1 2 6

20
name1
name2
name3
name4
name5
name6
name7
name8
name9
name10
name11
name12
name13
name14
name15
name16
name17
name18
name19
name20
16 9 2 12 17 11 13 7 20 15 1 10 8 3 19 4 18 6 5 14
5 15 17 7 11 9 1 3 8 13 6 19 16 12 10 14 2 4 20 18
5 2 12 3 6 10 7 1 15 11 4 20 19 14 18 9 8 16 13 17

20
name1
name2
name3
name4
name5
name6
name7
name8
name9
name10
name11
name12
name13
name14
name15
name16
name17
name18
name19
name20
7 3 11 19 4 20 9 2 13 16 14 8 6 1 12 10 5 18 15 17
5 18 12 4 1 10 7 3 20 11 6 15 14 2 13 9 16 8 19 17
20 10 7 14 9 8 16 19 17 18 1 2 4 5 11 13 12 15 6 3
20 19 13 11 7 4 16 15 2 9 8 10 18 12 14 3 6 17 5 1
9 10 15 2 1 12 20 11 4 16 8 19 17 14 3 5 6 7 18 13
7 10 3 12 20 5 11 15 18 19 8 4 2 6 16 13 17 1 14 9

20
name1
name2
name3
name4
name5
name6
name7
name8
name9
name10
name11
name12
name13
name14
name15
name16
name17
name18
name19
name20
7 3 11 19 4 20 9 2 13 16 14 8 6 1 12 10 5 18 15 17
5 18 12 4 1 10 7 3 20 11 6 15 14 2 13 9 16 8 19 17
20 10 7 14 9 8 16 19 17 18 1 2 4 5 11 13 12 15 6 3
20 19 13 11 7 4 16 15 2 9 8 10 18 12 14 3 6 17 5 1
9 10 15 2 1 12 20 11 4 16 8 19 17 14 3 5 6 7 18 13
7 10 3 12 20 5 11 15 18 19 8 4 2 6 16 13 17 1 14 9
16 9 2 12 17 11 13 7 20 15 1 10 8 3 19 4 18 6 5 14
5 15 17 7 11 9 1 3 8 13 6 19 16 12 10 14 2 4 20 18
5 2 12 3 6 10 7 1 15 11 4 20 19 14 18 9 8 16 13 17

20
name1
name2
name3
name4
name5
name6
name7
name8
name9
name10
name11
name12
name13
name14
name15
name16
name17
name18
name19
name20
7 3 11 19 4 20 9 2 13 16 14 8 6 1 12 10 5 18 15 17
5 18 12 4 1 10 7 3 20 11 6 15 14 2 13 9 16 8 19 17
20 10 7 14 9 8 16 19 17 18 1 2 4 5 11 13 12 15 6 3
20 19 13 11 7 4 16 15 2 9 8 10 18 12 14 3 6 17 5 1
9 10 15 2 1 12 20 11 4 16 8 19 17 14 3 5 6 7 18 13
7 10 3 12 20 5 11 15 18 19 8 4 2 6 16 13 17 1 14 9
16 9 2 12 17 11 13 7 20 15 1 10 8 3 19 4 18 6 5 14
5 15 17 7 11 9 1 3 8 13 6 19 16 12 10 14 2 4 20 18
5 2 12 3 6 10 7 1 15 11 4 20 19 14 18 9 8 16 13 17
7 3 11 19 4 20 9 2 13 16 14 8 6 1 12 10 5 18 15 17
5 18 12 4 1 10 7 3 20 11 6 15 14 2 13 9 16 8 19 17
20 10 7 14 9 8 16 19 17 18 1 2 4 5 11 13 12 15 6 3
20 19 13 11 7 4 16 15 2 9 8 10 18 12 14 3 6 17 5 1
9 10 15 2 1 12 20 11 4 16 8 19 17 14 3 5 6 7 18 13
7 10 3 12 20 5 11 15 18 19 8 4 2 6 16 13 17 1 14 9
16 9 2 12 17 11 13 7 20 15 1 10 8 3 19 4 18 6 5 14
5 15 17 7 11 9 1 3 8 13 6 19 16 12 10 14 2 4 20 18
5 2 12 3 6 10 7 1 15 11 4 20 19 14 18 9 8 16 13 17

20
name1
name2
name3
name4
name5
name6
name7
name8
name9
name10
name11
name12
name13
name14
name15
name16
name17
name18
name19
name20
7 3 11 19 4 20 9 2 13 16 14 8 6 1 12 10 5 18 15 17
5 18 12 4 1 10 7 3 20 11 6 15 14 2 13 9 16 8 19 17
20 10 7 14 9 8 16 19 17 18 1 2 4 5 11 13 12 15 6 3
20 19 13 11 7 4 16 15 2 9 8 10 18 12 14 3 6 17 5 1
9 10 15 2 1 12 20 11 4 16 8 19 17 14 3 5 6 7 18 13
7 10 3 12 20 5 11 15 18 19 8 4 2 6 16 13 17 1 14 9
16 9 2 12 17 11 13 7 20 15 1 10 8 3 19 4 18 6 5 14
5 15 17 7 11 9 1 3 8 13 6 19 16 12 10 14 2 4 20 18
5 2 12 3 6 10 7 1 15 11 4 20 19 14 18 9 8 16 13 17
7 3 11 19 4 20 9 2 13 16 14 8 6 1 12 10 5 18 15 17
5 18 12 4 1 10 7 3 20 11 6 15 14 2 13 9 16 8 19 17
20 10 7 14 9 8 16 19 17 18 1 2 4 5 11 13 12 15 6 3
20 19 13 11 7 4 16 15 2 9 8 10 18 12 14 3 6 17 5 1
9 10 15 2 1 12 20 11 4 16 8 19 17 14 3 5 6 7 18 13
7 10 3 12 20 5 11 15 18 19 8 4 2 6 16 13 17 1 14 9
16 9 2 12 17 11 13 7 20 15 1 10 8 3 19 4 18 6 5 14
5 15 17 7 11 9 1 3 8 13 6 19 16 12 10 14 2 4 20 18
5 2 12 3 6 10 7 1 15 11 4 20 19 14 18 9 8 16 13 17
7 3 11 19 4 20 9 2 13 16 14 8 6 1 12 10 5 18 15 17
5 18 12 4 1 10 7 3 20 11 6 15 14 2 13 9 16 8 19 17
20 10 7 14 9 8 16 19 17 18 1 2 4 5 11 13 12 15 6 3
20 19 13 11 7 4 16 15 2 9 8 10 18 12 14 3 6 17 5 1
9 10 15 2 1 12 20 11 4 16 8 19 17 14 3 5 6 7 18 13
7 10 3 12 20 5 11 15 18 19 8 4 2 6 16 13 17 1 14 9
16 9 2 12 17 11 13 7 20 15 1 10 8 3 19 4 18 6 5 14
5 15 17 7 11 9 1 3 8 13 6 19 16 12 10 14 2 4 20 18
5 2 12 3 6 10 7 1 15 11 4 20 19 14 18 9 8 16 13 17
7 3 11 19 4 20 9 2 13 16 14 8 6 1 12 10 5 18 15 17
5 18 12 4 1 10 7 3 20 11 6 15 14 2 13 9 16 8 19 17
20 10 7 14 9 8 16 19 17 18 1 2 4 5 11 13 12 15 6 3
20 19 13 11 7 4 16 15 2 9 8 10 18 12 14 3 6 17 5 1
9 10 15 2 1 12 20 11 4 16 8 19 17 14 3 5 6 7 18 13
7 10 3 12 20 5 11 15 18 19 8 4 2 6 16 13 17 1 14 9
16 9 2 12 17 11 13 7 20 15 1 10 8 3 19 4 18 6 5 14
5 15 17 7 11 9 1 3 8 13 6 19 16 12 10 14 2 4 20 18
5 2 12 3 6 10 7 1 15 11 4 20 19 14 18 9 8 16 13 17

20
name1
name2
name3
name4
name5
name6
name7
name8
name9
name10
name11
name12
name13
name14
name15
name16
name17
name18
name19
name20
7 3 11 19 4 20 9 2 13 16 14 8 6 1 12 10 5 18 15 17
5 18 12 4 1 10 7 3 20 11 6 15 14 2 13 9 16 8 19 17
20 10 7 14 9 8 16 19 17 18 1 2 4 5 11 13 12 15 6 3
20 19 13 11 7 4 16 15 2 9 8 10 18 12 14 3 6 17 5 1
9 10 15 2 1 12 20 11 4 16 8 19 17 14 3 5 6 7 18 13
7 10 3 12 20 5 11 15 18 19 8 4 2 6 16 13 17 1 14 9
16 9 2 12 17 11 13 7 20 15 1 10 8 3 19 4 18 6 5 14
5 15 17 7 11 9 1 3 8 13 6 19 16 12 10 14 2 4 20 18
5 2 12 3 6 10 7 1 15 11 4 20 19 14 18 9 8 16 13 17
7 3 11 19 4 20 9 2 13 16 14 8 6 1 12 10 5 18 15 17
5 18 12 4 1 10 7 3 20 11 6 15 14 2 13 9 16 8 19 17
20 10 7 14 9 8 16 19 17 18 1 2 4 5 11 13 12 15 6 3
20 19 13 11 7 4 16 15 2 9 8 10 18 12 14 3 6 17 5 1
9 10 15 2 1 12 20 11 4 16 8 19 17 14 3 5 6 7 18 13
7 10 3 12 20 5 11 15 18 19 8 4 2 6 16 13 17 1 14 9
16 9 2 12 17 11 13 7 20 15 1 10 8 3 19 4 18 6 5 14
5 15 17 7 11 9 1 3 8 13 6 19 16 12 10 14 2 4 20 18
5 2 12 3 6 10 7 1 15 11 4 20 19 14 18 9 8 16 13 17
7 3 11 19 4 20 9 2 13 16 14 8 6 1 12 10 5 18 15 17
5 18 12 4 1 10 7 3 20 11 6 15 14 2 13 9 16 8 19 17
20 10 7 14 9 8 16 19 17 18 1 2 4 5 11 13 12 15 6 3
20 19 13 11 7 4 16 15 2 9 8 10 18 12 14 3 6 17 5 1
9 10 15 2 1 12 20 11 4 16 8 19 17 14 3 5 6 7 18 13
7 10 3 12 20 5 11 15 18 19 8 4 2 6 16 13 17 1 14 9
16 9 2 12 17 11 13 7 20 15 1 10 8 3 19 4 18 6 5 14
5 15 17 7 11 9 1 3 8 13 6 19 16 12 10 14 2 4 20 18
5 2 12 3 6 10 7 1 15 11 4 20 19 14 18 9 8 16 13 17
7 3 11 19 4 20 9 2 13 16 14 8 6 1 12 10 5 18 15 17
5 18 12 4 1 10 7 3 20 11 6 15 14 2 13 9 16 8 19 17
20 10 7 14 9 8 16 19 17 18 1 2 4 5 11 13 12 15 6 3
20 19 13 11 7 4 16 15 2 9 8 10 18 12 14 3 6 17 5 1
9 10 15 2 1 12 20 11 4 16 8 19 17 14 3 5 6 7 18 13
7 10 3 12 20 5 11 15 18 19 8 4 2 6 16 13 17 1 14 9
16 9 2 12 17 11 13 7 20 15 1 10 8 3 19 4 18 6 5 14
5 15 17 7 11 9 1 3 8 13 6 19 16 12 10 14 2 4 20 18
5 2 12 3 6 10 7 1 15 11 4 20 19 14 18 9 8 16 13 17
1 8 3 12 20 6 15 9 2 17 4 7 19 5 13 14 18 16 10 11
14 2 20 18 10 11 3 13 7 19 4 12 15 9 17 8 1 16 6 5
8 11 10 4 16 3 7 2 20 15 5 9 18 1 13 6 14 12 17 19
18 10 14 19 7 20 15 11 8 4 17 6 2 12 3 5 16 13 1 9
16 10 2 1 5 17 9 18 4 8 12 11 7 3 14 19 13 15 6 20
11 13 16 9 14 15 12 2 3 4 18 7 6 19 10 5 17 20 1 8
10 8 2 4 17 14 5 19 1 16 18 6 12 3 7 15 9 13 20 11
2 1 10 6 13 17 12 3 4 7 5 14 11 8 9 19 16 20 15 18
19 10 8 5 4 14 15 1 12 13 7 18 6 20 17 2 9 16 11 3
13 7 17 11 4 15 19 14 5 12 3 2 6 8 16 10 9 18 20 1

20
name1
name2
name3
name4
name5
name6
name7
name8
name9
name10
name11
name12
name13
name14
name15
name16
name17
name18
name19
name20
20 10 7 14 9 8 16 19 17 18 1 2 4 5 11 13 12 15 6 3
9 10 15 2 1 12 20 11 4 16 8 19 17 14 3 5 6 7 18 13
7 10 3 12 20 5 11 15 18 19 8 4 2 6 16 13 17 1 14 9
16 9 2 12 17 11 13 7 20 15 1 10 8 3 19 4 18 6 5 14
5 15 17 7 11 9 1 3 8 13 6 19 16 12 10 14 2 4 20 18
5 2 12 3 6 10 7 1 15 11 4 20 19 14 18 9 8 16 13 17
7 3 11 19 4 20 9 2 13 16 14 8 6 1 12 10 5 18 15 17
5 18 12 4 1 10 7 3 20 11 6 15 14 2 13 9 16 8 19 17
20 10 7 14 9 8 16 19 17 18 1 2 4 5 11 13 12 15 6 3
7 10 3 12 20 5 11 15 18 19 8 4 2 6 16 13 17 1 14 9
16 9 2 12 17 11 13 7 20 15 1 10 8 3 19 4 18 6 5 14
5 15 17 7 11 9 1 3 8 13 6 19 16 12 10 14 2 4 20 18
5 18 12 4 1 10 7 3 20 11 6 15 14 2 13 9 16 8 19 17
16 9 2 12 17 11 13 7 20 15 1 10 8 3 19 4 18 6 5 14
5 15 17 7 11 9 1 3 8 13 6 19 16 12 10 14 2 4 20 18
5 2 12 3 6 10 7 1 15 11 4 20 19 14 18 9 8 16 13 17
7 3 11 19 4 20 9 2 13 16 14 8 6 1 12 10 5 18 15 17
5 18 12 4 1 10 7 3 20 11 6 15 14 2 13 9 16 8 19 17
20 10 7 14 9 8 16 19 17 18 1 2 4 5 11 13 12 15 6 3
9 10 15 2 1 12 20 11 4 16 8 19 17 14 3 5 6 7 18 13
7 10 3 12 20 5 11 15 18 19 8 4 2 6 16 13 17 1 14 9
5 15 17 7 11 9 1 3 8 13 6 19 16 12 10 14 2 4 20 18
1 8 3 12 20 6 15 9 2 17 4 7 19 5 13 14 18 16 10 11
8 11 10 4 16 3 7 2 20 15 5 9 18 1 13 6 14 12 17 19
16 10 2 1 5 17 9 18 4 8 12 11 7 3 14 19 13 15 6 20
11 13 16 9 14 15 12 2 3 4 18 7 6 19 10 5 17 20 1 8
10 8 2 4 17 14 5 19 1 16 18 6 12 3 7 15 9 13 20 11
2 1 10 6 13 17 12 3 4 7 5 14 11 8 9 19 16 20 15 18
19 10 8 5 4 14 15 1 12 13 7 18 6 20 17 2 9 16 11 3
13 7 17 11 4 15 19 14 5 12 3 2 6 8 16 10 9 18 20 1

20
name1
name2
name3
name4
name5
name6
name7
name8
name9
name10
name11
name12
name13
name14
name15
name16
name17
name18
name19
name20
20 10 7 14 9 8 16 19 17 18 1 2 4 5 11 13 12 15 6 3
9 10 15 2 1 12 20 11 4 16 8 19 17 14 3 5 6 7 18 13
7 10 3 12 20 5 11 15 18 19 8 4 2 6 16 13 17 1 14 9
16 9 2 12 17 11 13 7 20 15 1 10 8 3 19 4 18 6 5 14
5 15 17 7 11 9 1 3 8 13 6 19 16 12 10 14 2 4 20 18
5 2 12 3 6 10 7 1 15 11 4 20 19 14 18 9 8 16 13 17
7 3 11 19 4 20 9 2 13 16 14 8 6 1 12 10 5 18 15 17
5 18 12 4 1 10 7 3 20 11 6 15 14 2 13 9 16 8 19 17
20 10 7 14 9 8 16 19 17 18 1 2 4 5 11 13 12 15 6 3
7 10 3 12 20 5 11 15 18 19 8 4 2 6 16 13 17 1 14 9
16 9 2 12 17 11 13 7 20 15 1 10 8 3 19 4 18 6 5 14
5 15 17 7 11 9 1 3 8 13 6 19 16 12 10 14 2 4 20 18
5 18 12 4 1 10 7 3 20 11 6 15 14 2 13 9 16 8 19 17
16 9 2 12 17 11 13 7 20 15 1 10 8 3 19 4 18 6 5 14
5 15 17 7 11 9 1 3 8 13 6 19 16 12 10 14 2 4 20 18
5 2 12 3 6 10 7 1 15 11 4 20 19 14 18 9 8 16 13 17
7 3 11 19 4 20 9 2 13 16 14 8 6 1 12 10 5 18 15 17
5 18 12 4 1 10 7 3 20 11 6 15 14 2 13 9 16 8 19 17
20 10 7 14 9 8 16 19 17 18 1 2 4 5 11 13 12 15 6 3
5 18 12 4 1 10 7 3 20 11 6 15 14 2 13 9 16 8 19 17
16 9 2 12 17 11 13 7 20 15 1 10 8 3 19 4 18 6 5 14
5 15 17 7 11 9 1 3 8 13 6 19 16 12 10 14 2 4 20 18
5 2 12 3 6 10 7 1 15 11 4 20 19 14 18 9 8 16 13 17
1 8 3 12 20 6 15 9 2 17 4 7 19 5 13 14 18 16 10 11
14 2 20 18 10 11 3 13 7 19 4 12 15 9 17 8 1 16 6 5
8 11 10 4 16 3 7 2 20 15 5 9 18 1 13 6 14 12 17 19
18 10 14 19 7 20 15 11 8 4 17 6 2 12 3 5 16 13 1 9
16 10 2 1 5 17 9 18 4 8 12 11 7 3 14 19 13 15 6 20
5 15 17 7 11 9 1 3 8 13 6 19 16 12 10 14 2 4 20 18
5 2 12 3 6 10 7 1 15 11 4 20 19 14 18 9 8 16 13 17
7 3 11 19 4 20 9 2 13 16 14 8 6 1 12 10 5 18 15 17
5 18 12 4 1 10 7 3 20 11 6 15 14 2 13 9 16 8 19 17
20 10 7 14 9 8 16 19 17 18 1 2 4 5 11 13 12 15 6 3
9 10 15 2 1 12 20 11 4 16 8 19 17 14 3 5 6 7 18 13
7 10 3 12 20 5 11 15 18 19 8 4 2 6 16 13 17 1 14 9
5 15 17 7 11 9 1 3 8 13 6 19 16 12 10 14 2 4 20 18
1 8 3 12 20 6 15 9 2 17 4 7 19 5 13 14 18 16 10 11
8 11 10 4 16 3 7 2 20 15 5 9 18 1 13 6 14 12 17 19
16 10 2 1 5 17 9 18 4 8 12 11 7 3 14 19 13 15 6 20
11 13 16 9 14 15 12 2 3 4 18 7 6 19 10 5 17 20 1 8
10 8 2 4 17 14 5 19 1 16 18 6 12 3 7 15 9 13 20 11
7 3 11 19 4 20 9 2 13 16 14 8 6 1 12 10 5 18 15 17
5 18 12 4 1 10 7 3 20 11 6 15 14 2 13 9 16 8 19 17
20 10 7 14 9 8 16 19 17 18 1 2 4 5 11 13 12 15 6 3
9 10 15 2 1 12 20 11 4 16 8 19 17 14 3 5 6 7 18 13
7 10 3 12 20 5 11 15 18 19 8 4 2 6 16 13 17 1 14 9
5 15 17 7 11 9 1 3 8 13 6 19 16 12 10 14 2 4 20 18
1 8 3 12 20 6 15 9 2 17 4 7 19 5 13 14 18 16 10 11
8 11 10 4 16 3 7 2 20 15 5 9 18 1 13 6 14 12 17 19
16 10 2 1 5 17 9 18 4 8 12 11 7 3 14 19 13 15 6 20
11 13 16 9 14 15 12 2 3 4 18 7 6 19 10 5 17 20 1 8
10 8 2 4 17 14 5 19 1 16 18 6 12 3 7 15 9 13 20 11
2 1 10 6 13 17 12 3 4 7 5 14 11 8 9 19 16 20 15 18
19 10 8 5 4 14 15 1 12 13 7 18 6 20 17 2 9 16 11 3
13 7 17 11 4 15 19 14 5 12 3 2 6 8 16 10 9 18 20 1

20
name1
name2
name3
name4
name5
name6
name7
name8
name9
name10
name11
name12
name13
name14
name15
name16
name17
name18
name19
name20
20 10 7 14 9 8 16 19 17 18 1 2 4 5 11 13 12 15 6 3
9 10 15 2 1 12 20 11 4 16 8 19 17 14 3 5 6 7 18 13
7 10 3 12 20 5 11 15 18 19 8 4 2 6 16 13 17 1 14 9
16 9 2 12 17 11 13 7 20 15 1 10 8 3 19 4 18 6 5 14
5 15 17 7 11 9 1 3 8 13 6 19 16 12 10 14 2 4 20 18
5 2 12 3 6 10 7 1 15 11 4 20 19 14 18 9 8 16 13 17
7 3 11 19 4 20 9 2 13 16 14 8 6 1 12 10 5 18 15 17
5 18 12 4 1 10 7 3 20 11 6 15 14 2 13 9 16 8 19 17
20 10 7 14 9 8 16 19 17 18 1 2 4 5 11 13 12 15 6 3
7 10 3 12 20 5 11 15 18 19 8 4 2 6 16 13 17 1 14 9
16 9 2 12 17 11 13 7 20 15 1 10 8 3 19 4 18 6 5 14
5 15 17 7 11 9 1 3 8 13 6 19 16 12 10 14 2 4 20 18
5 18 12 4 1 10 7 3 20 11 6 15 14 2 13 9 16 8 19 17
16 9 2 12 17 11 13 7 20 15 1 10 8 3 19 4 18 6 5 14
5 15 17 7 11 9 1 3 8 13 6 19 16 12 10 14 2 4 20 18
5 2 12 3 6 10 7 1 15 11 4 20 19 14 18 9 8 16 13 17
7 3 11 19 4 20 9 2 13 16 14 8 6 1 12 10 5 18 15 17
20 10 7 14 9 8 16 19 17 18 1 2 4 5 11 13 12 15 6 3
5 18 12 4 1 10 7 3 20 11 6 15 14 2 13 9 16 8 19 17
5 15 17 7 11 9 1 3 8 13 6 19 16 12 10 14 2 4 20 18
5 2 12 3 6 10 7 1 15 11 4 20 19 14 18 9 8 16 13 17
14 2 20 18 10 11 3 13 7 19 4 12 15 9 17 8 1 16 6 5
8 11 10 4 16 3 7 2 20 15 5 9 18 1 13 6 14 12 17 19
18 10 14 19 7 20 15 11 8 4 17 6 2 12 3 5 16 13 1 9
16 10 2 1 5 17 9 18 4 8 12 11 7 3 14 19 13 15 6 20
5 15 17 7 11 9 1 3 8 13 6 19 16 12 10 14 2 4 20 18
7 3 11 19 4 20 9 2 13 16 14 8 6 1 12 10 5 18 15 17
5 18 12 4 1 10 7 3 20 11 6 15 14 2 13 9 16 8 19 17
20 10 7 14 9 8 16 19 17 18 1 2 4 5 11 13 12 15 6 3
7 10 3 12 20 5 11 15 18 19 8 4 2 6 16 13 17 1 14 9
1 8 3 12 20 6 15 9 2 17 4 7 19 5 13 14 18 16 10 11
8 11 10 4 16 3 7 2 20 15 5 9 18 1 13 6 14 12 17 19
16 10 2 1 5 17 9 18 4 8 12 11 7 3 14 19 13 15 6 20
11 13 16 9 14 15 12 2 3 4 18 7 6 19 10 5 17 20 1 8
10 8 2 4 17 14 5 19 1 16 18 6 12 3 7 15 9 13 20 11
7 3 11 19 4 20 9 2 13 16 14 8 6 1 12 10 5 18 15 17
5 18 12 4 1 10 7 3 20 11 6 15 14 2 13 9 16 8 19 17
20 10 7 14 9 8 16 19 17 18 1 2 4 5 11 13 12 15 6 3
9 10 15 2 1 12 20 11 4 16 8 19 17 14 3 5 6 7 18 13
7 10 3 12 20 5 11 15 18 19 8 4 2 6 16 13 17 1 14 9
5 15 17 7 11 9 1 3 8 13 6 19 16 12 10 14 2 4 20 18
1 8 3 12 20 6 15 9 2 17 4 7 19 5 13 14 18 16 10 11
8 11 10 4 16 3 7 2 20 15 5 9 18 1 13 6 14 12 17 19
16 10 2 1 5 17 9 18 4 8 12 11 7 3 14 19 13 15 6 20
11 13 16 9 14 15 12 2 3 4 18 7 6 19 10 5 17 20 1 8
10 8 2 4 17 14 5 19 1 16 18 6 12 3 7 15 9 13 20 11
2 1 10 6 13 17 12 3 4 7 5 14 11 8 9 19 16 20 15 18
19 10 8 5 4 14 15 1 12 13 7 18 6 20 17 2 9 16 11 3
13 7 17 11 4 15 19 14 5 12 3 2 6 8 16 10 9 18 20 1