17

3
John Doe
Jane Smith
Sirhan Sirhan
1 2 3
2 1 3
2 3 1
1 2 3
3 1 2

3
John Doe
Jane Smith
Sirhan Sirhan
1 2 3
2 3 1
3 1 2

15
Cand 1
Cand 2
Cand 3
Cand 4
Cand 5
Cand 6
Cand 7
Cand 8
Cand 9
Cand 10
Cand 11
Cand 12
Cand 13
Cand 14
Cand 15
12 10 7 6 15 4 9 5 11 8 2 14 1 13 3
10 1 12 7 2 8 5 6 13 3 14 4 15 9 11
2 10 9 3 1 8 7 13 5 4 11 15 12 14 6
2 6 14 3 4 8 11 13 1 10 7 12 5 9 15
14 5 3 4 8 9 11 13 10 12 6 2 1 15 7
12 8 4 5 7 1 3 11 2 13 10 14 6 15 9
5 15 4 6 13 14 11 9 1 10 3 7 2 8 12
2 13 11 8 7 6 10 1 12 3 4 9 5 14 15
1 6 13 9 3 7 14 11 12 15 10 4 2 5 8
1 5 14 11 2 12 6 13 10 4 15 8 3 7 9

10
A
B
C
D
E
F
G
H
I
J
1 7 3 8 6 5 4 10 2 9
2 9 8 5 10 4 3 7 6 1
7 1 6 10 2 4 9 8 3 5

10
Bernie Sanders
Donald Trump
John F. Kennedy
DEF
Barack Obama
Richard Nixon's Head
Ronald Reagan
A Swarm of Angry Bees
Hank
ABC
2 5 10 3 8 1 7 6 9 4
3 2 10 4 7 8 6 9 5 1
10 4 2 1 3 7 5 6 9 8
6 5 9 8 2 10 3 7 1 4
6 2 10 7 4 3 9 1 8 5
8 3 2 7 6 10 9 1 4 5
10 8 2 4 9 1 3 5 7 6
6 3 4 5 10 7 9 2 8 1
8 5 9 10 7 4 3 2 6 1
6 5 4 7 2 3 8 10 9 1

4
A Swarm of Angry Bees
John Doe
DEF
Jane Smith
2 1 3 4
1 3 4 2
4 1 3 2
3 4 2 1
2 1 4 3
1 4 3 2

5
Firstname Lastname
George Bush
John Doe
DEF
Fidel Castro
5 1 2 4 3
3 5 4 1 2
2 3 5 1 4
3 5 1 4 2
4 1 3 5 2
1 5 4 3 2
1 4 3 5 2
5 2 4 3 1
4 2 5 3 1
3 1 4 2 5

3
ABC
Hank
Vladimir Lenin
3 2 1
3 2 1
2 3 1
1 2 3
2 3 1
1 3 2
1 2 3
3 1 2
3 2 1
1 3 2
2 1 3
3 1 2
1 3 2
2 3 1
1 3 2
2 1 3
1 2 3
3 2 1
3 2 1
3 1 2
3 1 2
1 2 3
2 3 1
3 1 2
1 2 3
3 1 2
2 1 3
2 1 3
1 3 2
2 1 3
1 3 2
3 1 2
1 3 2
2 1 3
1 2 3
1 3 2
3 2 1
2 1 3
1 3 2
2 1 3
1 3 2
1 2 3
3 2 1
2 1 3
1 3 2
1 2 3
3 1 2
3 1 2
1 2 3
3 1 2

4
Bernie Sanders
John F. Kennedy
John Doe
Firstname Lastname
2 3 4 1
1 3 2 4
3 2 1 4
1 4 2 3
4 3 2 1
3 2 1 4
4 1 3 2
4 3 2 1
4 1 3 2
4 1 2 3
2 1 4 3
1 2 3 4
3 1 2 4
1 3 4 2
2 4 1 3
3 4 2 1
4 3 2 1
2 3 1 4
4 1 3 2
2 3 1 4
1 3 2 4
2 3 4 1
2 4 3 1
3 4 1 2
2 1 4 3
2 3 4 1
2 1 4 3
2 3 4 1
4 1 3 2
4 3 2 1
3 4 1 2
3 1 2 4
4 2 1 3
2 4 3 1
2 4 1 3
2 3 4 1
3 1 2 4
3 1 4 2
1 3 4 2
1 2 3 4
3 4 1 2
1 4 2 3
3 2 4 1
4 1 2 3
4 3 2 1
2 4 1 3
4 3 2 1
2 3 1 4
1 3 4 2
4 3 1 2
2 3 1 4
3 4 1 2
3 1 4 2
2 3 4 1
2 1 3 4
3 2 1 4
1 2 3 4
3 4 1 2
2 3 1 4
2 3 4 1
2 1 3 4
4 2 1 3
4 1 3 2
1 3 4 2
4 3 1 2
1 2 4 3
4 3 1 2
1 3 2 4
3 2 1 4
1 4 3 2
4 2 1 3
1 2 3 4
4 2 1 3
2 1 4 3
3 2 1 4
1 4 2 3
4 1 2 3
3 1 4 2
1 3 2 4
4 2 1 3
3 2 1 4
1 3 2 4
1 3 4 2
1 4 3 2
3 4 2 1
2 3 4 1
2 3 1 4
3 1 2 4
2 3 1 4
1 3 2 4
4 3 2 1
3 1 2 4
1 4 2 3
3 2 4 1
1 2 4 3
2 3 1 4
1 3 4 2
1 2 3 4
1 3 2 4
2 4 1 3

20
A Swarm of Angry Bees
Jane Smith
John F. Kennedy
Fred Fredson
Donald Trump
John Doe
Sirhan Sirhan
Richard Nixon
Fidel Castro
Ronald Reagan
Hank
Joseph Stalin
Vladimir Lenin
George Bush
Firstname Lastname
DEF
Barack Obama
ABC
Bernie Sanders
Richard Nixon's Head
2 14 17 18 6 7 11 12 15 1 3 8 10 13 20 16 5 4 9 19
5 1 11 9 20 7 13 16 15 12 19 2 17 6 18 8 14 3 4 10
15 14 18 10 20 17 16 11 3 13 19 7 6 4 12 9 1 8 2 5
19 14 12 17 13 5 6 3 1 16 4 15 8 20 10 7 18 9 11 2
8 18 15 1 16 20 14 4 19 13 5 7 11 10 3 2 6 9 12 17
10 1 12 4 2 20 6 15 13 8 9 5 16 11 7 19 17 14 3 18
1 11 20 8 13 10 19 4 17 16 18 5 6 3 7 12 15 9 2 14
2 1 16 12 9 3 15 18 6 14 7 5 17 13 10 8 4 20 19 11
10 9 20 1 4 6 11 15 14 12 16 5 3 8 2 19 7 18 13 17
20 17 6 18 3 5 12 10 1 8 16 19 9 7 14 11 4 2 15 13

6
Hank
Richard Nixon
George Bush
Ronald Reagan
Vladimir Lenin
Firstname Lastname
1 3 6 2 5 4
6 1 3 4 5 2
5 1 6 2 4 3
1 5 3 6 4 2
4 3 1 2 6 5
1 5 6 2 3 4
2 1 3 6 5 4
4 3 6 5 1 2
6 4 2 3 5 1
1 3 4 6 2 5
5 4 2 3 1 6
2 3 6 1 5 4
3 1 6 2 5 4
6 1 3 5 4 2

7
John Doe
Richard Nixon
Bernie Sanders
Vladimir Lenin
Joseph Stalin
ABC
Sirhan Sirhan
7 5 4 2 6 3 1
6 7 3 5 4 2 1
3 2 7 4 1 5 6

10
Donald Trump
Jane Smith
ABC
Bernie Sanders
Richard Nixon's Head
Joseph Stalin
Fidel Castro
Firstname Lastname
Sirhan Sirhan
Barack Obama
10 9 7 3 4 5 1 2 6 8
5 9 1 8 4 3 7 2 10 6
3 4 2 7 9 8 5 1 10 6
4 1 9 10 2 8 7 3 6 5
8 7 2 3 6 9 4 1 5 10
7 1 8 5 6 2 9 3 10 4

5
DEF
Sirhan Sirhan
ABC
Firstname Lastname
Vladimir Lenin
2 4 3 1 5
3 2 5 1 4
1 3 4 2 5
3 5 1 4 2
1 3 4 2 5
2 1 4 5 3
4 2 3 1 5
3 4 5 1 2
2 4 1 3 5
4 3 5 2 1
2 4 3 5 1
2 5 1 4 3
2 5 3 4 1
3 1 2 5 4
4 2 5 3 1
1 2 3 4 5
4 3 1 5 2
2 4 3 5 1
1 3 5 4 2
2 3 4 5 1

8
Fidel Castro
Bernie Sanders
Hank
John Doe
Barack Obama
Sirhan Sirhan
George Bush
Ronald Reagan
2 8 7 1 5 4 6 3
5 4 7 6 1 8 3 2
5 3 1 2 8 6 4 7
4 2 8 1 7 3 6 5
8 2 7 3 1 5 6 4
6 1 3 4 2 5 8 7
7 5 1 4 3 8 2 6
3 7 6 4 5 2 1 8
8 1 6 4 5 3 2 7
6 4 1 2 5 7 3 8
1 6 3 7 2 4 8 5
5 7 3 1 2 8 4 6
7 6 8 5 1 4 2 3
4 8 5 3 7 1 2 6
3 5 2 8 4 1 6 7
8 7 3 2 4 6 5 1
1 6 7 4 5 3 8 2
2 7 1 4 8 3 5 6
8 3 4 1 2 5 7 6
3 5 4 2 8 1 6 7
1 4 6 8 5 7 2 3
8 3 5 2 7 4 6 1
3 4 7 1 2 5 6 8
5 8 4 1 2 6 7 3
7 2 5 1 3 8 6 4
4 2 6 1 3 5 8 7
1 6 5 2 8 3 7 4
6 3 1 5 2 8 7 4
3 4 5 7 6 1 8 2
2 8 7 6 1 5 3 4
5 1 3 8 6 7 2 4
4 8 1 7 3 5 6 2
2 5 8 7 4 3 1 6
8 3 5 1 7 2 6 4
6 4 7 3 2 5 1 8
4 5 1 3 2 6 8 7
5 4 7 8 1 3 2 6
3 1 2 7 8 6 4 5
7 8 2 6 1 3 4 5
6 8 4 7 2 5 3 1
5 8 7 1 3 2 6 4
2 6 4 3 1 7 8 5
8 5 3 2 4 1 7 6
5 2 7 3 6 1 8 4
4 7 2 6 1 5 8 3
4 7 5 3 2 8 1 6
1 3 2 5 8 7 4 6
1 4 8 3 2 6 5 7
1 3 5 7 8 4 6 2
1 7 4 3 6 2 5 8

15
Fidel Castro
DEF
Richard Nixon's Head
Donald Trump
Firstname Lastname
Jane Smith
George Bush
John F. Kennedy
Ronald Reagan
A Swarm of Angry Bees
Fred Fredson
Hank
Richard Nixon
Sirhan Sirhan
John Doe
12 1 15 10 11 5 14 8 13 3 9 2 7 4 6
7 13 2 9 8 11 6 14 4 5 12 15 3 1 10
15 11 5 8 10 1 13 6 3 9 7 12 2 14 4
12 10 6 2 14 8 5 11 13 9 1 15 3 4 7
14 13 8 2 10 7 12 15 5 3 11 9 1 4 6
5 10 9 14 11 12 2 1 7 13 6 4 3 8 15
10 9 8 6 5 4 1 3 15 14 7 12 2 11 13
13 3 8 12 15 14 2 11 4 6 9 1 10 5 7
3 6 15 10 5 4 1 12 13 11 7 2 9 14 8
10 5 13 11 2 14 4 12 6 7 1 9 15 3 8
1 12 6 11 5 13 8 3 4 9 15 2 7 14 10
15 12 11 6 5 2 9 7 13 3 10 8 14 1 4
1 9 10 13 4 8 14 12 6 5 7 11 3 15 2
1 15 9 3 6 2 8 7 4 13 10 5 11 12 14
3 5 1 11 10 8 9 4 2 6 7 14 12 15 13
4 3 14 6 2 5 13 7 11 9 1 12 8 15 10
9 7 8 10 15 12 13 3 2 6 1 4 14 11 5
11 10 3 5 9 6 13 14 4 1 2 12 15 7 8
9 1 10 15 5 11 6 13 14 7 4 8 12 3 2
3 14 9 4 7 1 6 2 5 8 10 12 11 13 15
7 9 4 8 6 13 2 11 3 10 1 12 5 14 15
2 3 8 6 12 5 9 13 10 11 14 1 7 4 15
12 7 11 3 14 1 15 2 9 10 6 4 13 5 8
11 4 5 1 13 9 14 3 7 12 6 10 8 2 15
10 6 4 2 8 12 5 9 7 13 15 3 11 14 1
1 15 9 5 6 2 12 7 4 13 14 8 10 3 11
13 14 8 5 4 12 9 3 11 2 7 15 10 6 1
7 1 14 9 4 3 10 15 13 2 11 8 6 12 5
13 15 3 4 14 11 6 5 9 2 12 1 7 8 10
3 15 5 10 14 7 2 9 11 1 8 6 12 13 4
8 7 1 9 14 2 4 5 6 3 11 10 12 13 15
6 8 14 11 2 3 1 5 15 7 13 10 4 9 12
13 4 1 10 15 11 9 12 8 7 5 14 2 3 6
14 7 6 10 8 12 3 9 15 2 11 1 4 13 5
4 13 15 2 5 12 1 10 14 9 3 11 8 7 6
5 13 12 1 9 10 11 6 8 2 15 14 4 3 7
12 1 14 6 2 8 13 3 4 11 15 10 9 5 7
9 6 3 14 11 4 12 13 10 7 2 8 5 1 15
15 3 8 12 7 14 2 6 4 13 11 9 10 1 5
8 1 11 3 9 2 5 10 13 12 4 15 14 6 7
2 11 8 12 13 9 3 10 5 6 1 14 7 4 15
2 12 4 3 10 6 15 1 14 8 5 11 7 13 9
1 7 5 6 13 8 4 10 9 14 2 11 3 12 15
1 13 11 12 7 15 6 8 5 10 2 3 14 9 4
14 1 4 7 9 6 12 10 2 5 11 3 13 8 15
9 13 5 14 6 3 7 1 15 12 11 4 2 10 8
3 13 12 2 9 5 6 7 15 4 11 8 14 10 1
9 11 15 5 8 2 1 10 4 7 13 6 14 3 12
5 15 11 13 12 10 4 2 14 8 9 7 1 6 3
5 8 7 3 12 14 1 11 2 9 10 15 6 13 4
10 2 9 1 12 6 8 4 11 3 15 14 13 7 5
12 9 2 14 13 6 3 5 4 10 8 1 7 11 15
4 3 6 11 2 7 15 8 9 1 13 14 12 10 5
2 13 5 11 4 9 12 14 1 7 3 8 15 10 6
2 9 14 7 1 8 5 4 6 13 11 3 10 15 12
7 15 5 14 9 1 13 3 12 6 10 4 8 2 11
4 5 3 12 1 9 14 11 10 8 2 13 15 6 7
4 11 13 12 9 2 3 7 8 15 5 1 6 14 10
13 6 9 14 10 15 2 1 12 8 4 5 3 7 11
1 12 11 14 15 10 9 2 7 3 4 6 5 13 8
6 9 11 4 15 14 5 8 7 3 2 12 10 1 13
13 4 7 9 12 5 6 3 2 8 14 1 15 10 11
15 10 1 9 8 6 14 2 5 7 12 4 3 11 13
5 2 11 9 14 12 8 4 1 15 10 3 6 13 7
15 14 7 2 5 11 13 10 12 6 3 4 1 8 9
13 6 5 9 4 7 11 15 1 2 10 8 12 3 14
5 8 15 2 10 4 6 3 11 13 7 14 9 1 12
15 5 12 7 13 1 10 11 9 6 4 8 3 14 2
9 13 2 3 15 6 7 8 14 12 1 4 10 11 5
9 5 15 4 1 13 2 6 10 11 14 7 12 3 8
3 5 14 1 2 10 12 4 15 11 9 8 7 13 6
13 1 6 8 15 9 3 5 2 14 12 10 7 11 4
13 4 9 10 5 1 12 7 8 6 3 11 15 14 2
10 8 5 3 6 9 14 15 4 12 7 1 2 11 13
12 14 2 8 3 11 6 5 13 4 9 1 7 15 10
13 9 12 5 2 10 15 4 8 3 14 11 7 1 6
13 7 14 2 9 11 10 6 15 12 3 4 1 8 5
13 6 10 3 1 4 12 5 14 7 9 11 8 2 15
7 3 15 2 14 11 9 5 13 10 4 12 6 1 8
6 12 11 5 1 9 7 15 8 3 14 13 4 2 10

17
Joseph Stalin
Ronald Reagan
Hank
Firstname Lastname
Barack Obama
DEF
John Doe
Richard Nixon's Head
A Swarm of Angry Bees
ABC
George Bush
Fidel Castro
Vladimir Lenin
Sirhan Sirhan
Jane Smith
John F. Kennedy
Donald Trump
17 14 4 1 6 10 3 15 16 11 13 12 8 5 9 7 2
15 17 7 14 11 2 10 6 16 12 3 1 4 8 9 13 5
5 14 8 4 13 16 3 15 11 12 7 10 9 6 2 1 17
13 2 16 10 9 15 8 6 3 7 14 11 12 17 4 5 1
11 12 1 4 5 3 17 13 2 8 9 14 10 6 16 7 15
16 4 2 10 8 17 11 15 5 13 1 14 9 12 7 6 3
15 17 8 2 13 7 11 14 3 10 6 12 4 5 9 1 16
11 9 4 8 6 13 12 15 5 7 3 10 17 14 16 2 1
13 14 16 17 6 3 12 15 10 9 8 11 1 4 2 5 7
12 6 3 15 4 8 10 17 1 16 9 11 13 7 2 14 5
10 1 3 7 2 13 16 11 17 9 8 15 14 5 4 6 12
3 14 12 4 17 15 16 9 13 11 10 6 5 8 2 7 1
11 12 13 1 2 17 5 9 3 4 15 6 7 8 10 14 16
4 1 8 10 3 16 13 14 2 9 15 11 12 6 7 5 17
10 6 7 11 9 17 8 16 3 5 15 14 13 1 12 4 2
16 15 4 10 6 12 17 5 9 11 3 7 8 13 2 14 1
15 3 9 10 4 14 2 6 13 5 16 11 17 12 7 8 1
3 17 5 2 8 15 14 6 10 4 7 1 13 12 11 9 16
12 13 14 17 8 3 10 5 7 1 6 16 2 9 4 15 11
4 15 14 6 1 5 17 16 7 11 12 8 2 13 10 3 9
7 3 4 11 16 9 10 5 2 6 8 1 17 14 13 12 15
4 15 2 1 10 6 14 3 13 12 5 9 16 17 8 11 7
11 2 16 9 8 12 1 4 15 7 6 14 3 13 17 5 10
1 4 14 3 11 9 17 12 15 16 6 10 5 13 7 2 8
16 3 4 12 9 10 5 13 14 17 11 1 6 7 8 2 15
17 8 16 9 5 6 4 7 1 10 3 11 13 15 2 12 14
4 10 2 11 12 5 14 16 8 9 15 3 1 6 17 7 13
7 12 4 6 2 14 8 10 3 5 16 15 13 1 17 11 9
10 17 3 15 2 8 7 12 9 14 16 1 4 11 5 6 13
4 10 1 3 8 5 6 14 12 7 9 11 15 2 16 13 17