4

9 2
17
5 1
0 1
5 1
3 0
3 1
6 1
6 0
2 1
2 0
5 0
1 1
1 0
6 1
5 0
6 0
0 0
0 0
1145 180

3 21
39
2 7
0 5
2 13
1 4
0 3
2 1
0 7
2 6
0 18
0 17
2 16
2 17
1 14
2 19
2 6
2 19
1 8
1 0
1 10
0 2
0 11
2 8
0 7
1 14
0 1
0 9
0 9
2 0
2 15
1 4
0 0
1 3
2 0
0 3
0 2
2 8
0 1
2 5
2 16
350 84

19 19
133
17 14
4 1
17 13
0 9
7 1
17 0
15 8
7 5
7 17
1 11
0 8
3 6
3 4
17 4
7 16
16 12
10 7
13 2
18 11
14 18
14 6
14 5
14 15
14 17
18 15
16 8
0 10
13 14
17 18
2 15
2 15
11 15
9 6
10 11
9 16
0 0
12 10
1 2
7 18
6 5
3 16
18 14
17 11
14 4
5 5
7 7
5 14
4 4
9 2
11 4
13 0
6 11
10 18
17 16
6 13
14 6
15 15
14 3
10 15
17 5
3 16
9 5
5 7
10 15
16 11
3 11
13 14
17 18
2 4
13 2
14 3
0 1
4 5
7 8
11 10
6 14
18 1
11 7
3 2
14 8
16 17
13 7
5 1
1 17
8 15
2 15
16 13
2 3
7 12
7 15
15 9
1 2
2 0
12 17
17 13
11 8
1 18
17 10
6 14
18 8
7 8
9 9
12 13
2 13
17 10
15 13
18 14
17 13
12 18
18 10
1 2
4 9
11 10
15 6
15 1
17 15
2 3
12 2
5 8
18 7
10 6
16 2
2 8
14 4
0 3
1 5
5 12
3 17
1 7
8 8
17 10
17 0
0 13
356 4

25 13
82
0 10
11 5
3 4
20 10
21 12
9 4
20 11
7 4
24 3
0 11
7 1
4 4
4 8
10 8
22 11
4 7
12 11
24 10
11 6
12 12
6 3
13 8
20 0
18 7
14 9
22 12
8 3
15 0
9 5
22 3
13 9
11 9
5 8
5 5
0 7
23 11
8 5
22 0
18 3
2 9
2 5
8 2
10 8
11 12
0 5
20 10
19 1
13 4
8 10
20 3
0 4
15 10
14 9
5 2
12 7
2 3
16 12
10 8
0 6
6 7
10 11
18 0
2 12
1 12
21 3
12 8
20 5
0 10
3 2
19 12
8 8
15 5
10 3
12 3
18 10
11 12
13 6
24 2
16 2
23 0
22 12
23 12
680 83
