13

16 38
47
8 30
9 29
5 23
6 11
5 34
9 8
11 15
5 13
11 20
0 19
0 20
13 8
7 20
11 18
3 34
3 18
1 15
13 5
2 30
14 10
8 29
13 14
10 11
12 4
0 31
13 3
12 4
11 19
15 4
11 9
2 27
6 7
2 37
3 6
4 24
15 35
2 31
14 20
0 9
14 22
9 36
4 22
0 3
6 29
6 25
10 20
6 16
3 1

22 16
51
11 8
4 8
19 4
9 1
14 8
1 4
8 6
9 7
8 8
0 6
19 1
10 9
19 7
7 13
3 4
15 12
19 2
0 7
9 14
8 2
20 12
1 9
9 2
11 2
3 10
12 13
14 5
0 4
1 9
0 5
20 13
7 14
7 6
0 10
12 14
18 12
8 7
20 1
9 12
7 4
9 13
20 10
5 8
3 10
10 5
4 2
1 1
16 7
12 5
14 4
2 15
4 1

32 22
61
16 4
5 6
1 3
22 8
29 0
31 21
20 0
16 8
24 14
21 21
8 13
1 14
29 20
23 0
9 9
29 0
29 5
4 19
1 20
20 9
3 19
24 13
20 11
22 1
10 12
27 11
22 10
31 8
2 17
23 16
16 1
13 4
28 0
30 19
30 12
0 7
22 17
28 9
4 19
12 21
12 17
19 13
27 20
4 16
21 17
25 2
8 3
13 13
12 21
2 19
29 20
26 3
0 13
24 15
23 0
17 4
14 3
5 9
8 3
3 9
14 4
5 1

22 57
45
4 21
8 0
8 12
12 50
12 30
20 1
9 32
12 4
18 16
16 28
15 32
18 32
18 0
19 38
10 35
11 0
5 4
7 24
13 48
16 39
20 22
1 34
18 39
1 2
6 46
12 23
0 6
4 29
12 28
14 51
1 10
3 54
18 34
1 46
21 42
11 14
20 22
3 17
13 26
8 34
5 9
15 8
11 8
15 24
0 45
4 1

11 45
68
10 34
2 6
9 21
0 6
0 23
9 13
4 21
6 9
1 39
6 4
4 20
4 9
3 36
9 23
10 13
1 26
2 36
7 16
3 17
6 17
10 39
2 12
9 41
6 16
1 9
1 38
2 25
1 28
2 14
9 7
7 16
1 13
9 28
5 26
10 8
9 29
7 10
7 15
9 21
8 20
10 10
2 35
10 11
1 25
2 31
0 10
9 14
1 3
7 29
10 7
4 3
4 24
7 10
4 13
0 26
5 5
10 27
3 23
2 4
9 37
0 31
1 14
2 0
3 41
10 33
7 3
4 36
6 25
4 1

11 50
36
8 10
1 48
6 26
4 9
8 16
6 19
8 6
1 39
10 31
5 1
1 35
10 39
6 21
4 48
4 49
3 33
1 0
0 23
9 20
0 21
0 17
1 47
10 27
3 25
7 48
1 11
3 16
7 38
6 48
1 5
10 22
2 41
6 42
6 41
4 40
9 44
5 1

57 22
46
38 10
35 4
8 21
8 19
34 13
15 18
20 20
49 16
48 12
12 3
1 4
41 8
3 2
15 8
24 19
7 21
43 16
47 20
40 0
30 16
16 2
41 0
33 12
9 6
13 7
4 5
52 18
40 14
15 7
7 16
0 2
38 6
27 15
12 20
19 20
18 21
4 3
16 8
14 6
13 16
34 1
38 11
17 4
19 12
47 20
51 15
4 1

33 16
41
24 6
1 14
11 13
3 7
6 0
2 2
1 15
1 11
19 5
22 13
23 1
12 3
17 1
0 13
9 15
30 6
30 3
12 9
5 0
16 15
13 2
30 13
13 5
6 8
20 2
15 7
26 1
21 15
17 8
7 3
28 5
6 10
11 4
19 13
31 8
21 5
29 12
14 5
26 6
20 8
32 2
3 1

28 48
38
4 34
1 16
6 29
23 28
13 11
13 24
15 38
6 32
23 40
26 35
1 12
20 20
7 12
5 18
17 6
5 9
19 44
11 45
9 7
14 16
4 4
0 23
24 16
19 31
4 0
6 32
3 9
9 24
19 23
10 32
9 2
10 12
8 37
26 25
6 30
22 46
7 19
4 10
6 1

19 42
69
15 18
13 2
6 4
8 0
8 33
8 17
6 28
16 40
10 9
18 32
8 7
7 0
5 10
1 3
15 20
11 40
10 3
12 4
14 11
2 31
15 30
8 7
12 39
16 5
13 31
6 39
10 41
9 13
9 10
3 18
2 2
7 12
15 34
8 7
6 2
7 5
13 20
0 12
6 34
16 17
10 35
10 22
11 20
14 33
4 2
15 40
7 15
2 1
18 23
1 33
16 22
7 25
8 4
6 6
5 4
5 24
17 41
0 41
4 37
3 23
18 32
9 6
12 10
5 9
15 26
8 23
16 31
5 7
11 18
3 1

37 47
78
29 22
36 3
17 32
31 12
3 46
28 20
30 9
32 0
21 45
19 15
8 12
16 24
17 35
20 35
23 21
9 1
22 12
5 43
14 35
12 26
14 11
12 35
8 43
21 24
19 31
23 35
29 24
1 24
27 24
35 10
17 4
5 18
27 33
18 12
17 43
18 45
5 18
16 8
25 38
8 10
28 6
12 23
21 23
29 40
25 1
27 3
0 38
26 30
32 14
2 30
2 31
24 25
19 32
27 2
8 16
17 32
6 33
14 28
19 1
14 19
4 22
19 26
4 27
23 41
0 15
3 45
17 19
35 13
17 11
5 10
30 22
28 14
25 8
1 38
28 25
18 22
14 9
31 45
5 1

57 21
35
52 19
10 15
23 4
31 9
46 14
50 11
52 17
4 19
47 16
47 3
56 17
28 10
14 19
25 7
48 2
20 4
14 4
28 15
45 6
56 7
7 19
47 9
26 5
32 13
9 5
44 12
11 2
16 6
52 15
3 9
16 2
49 14
50 17
11 19
12 6
3 1

17 54
61
13 13
13 7
5 5
1 47
2 21
1 29
16 12
6 6
16 50
9 46
5 7
4 39
4 16
10 10
6 23
11 8
12 6
10 48
10 41
16 10
7 18
0 31
6 1
11 1
11 35
11 53
13 17
8 19
10 7
11 46
9 22
14 5
3 28
11 25
15 25
1 1
16 50
4 51
15 20
14 22
5 23
1 22
7 42
12 34
3 33
8 10
6 18
8 35
3 1
5 47
6 29
16 5
7 13
15 8
11 24
10 44
3 31
16 28
1 36
16 1
10 24
3 1
