15

18 32
29
17 20
16 24
17 13
7 0
5 23
5 4
15 30
14 25
1 13
4 4
17 19
13 8
13 13
0 0
10 25
9 18
2 9
1 16
7 14
13 7
5 18
7 29
9 18
4 28
0 9
6 22
13 16
10 11
16 31
10 1

36 23
70
15 14
4 7
34 10
27 7
31 8
17 18
5 1
24 9
35 17
26 0
9 11
11 7
13 17
21 15
9 16
29 6
22 15
29 12
28 0
7 2
9 6
27 2
20 22
29 13
30 3
2 6
27 4
33 2
31 5
7 7
33 2
12 15
26 19
1 0
11 13
31 16
25 0
22 4
5 15
11 5
28 5
4 16
1 12
1 10
5 9
20 15
21 19
14 2
30 11
29 9
16 12
11 4
10 22
14 4
32 12
22 17
24 9
31 2
25 2
15 17
31 13
20 14
17 17
11 20
15 0
25 5
13 11
0 13
28 0
34 12
14 2

13 32
46
8 8
9 14
9 23
12 18
8 4
6 16
4 8
8 24
12 17
10 2
11 30
8 16
9 18
3 28
0 5
7 12
1 28
12 31
3 30
5 29
0 18
10 8
1 19
12 10
5 20
6 15
9 2
5 9
5 12
6 21
12 11
8 19
3 1
9 29
2 31
3 9
0 1
0 4
12 0
3 0
4 3
2 16
6 13
2 3
2 31
8 6
10 2

28 35
54
11 4
17 22
6 17
23 26
18 28
24 11
5 21
4 32
23 28
1 12
26 27
6 28
0 23
23 26
13 28
26 34
4 25
20 19
0 17
6 22
16 10
20 9
3 1
15 12
26 9
20 31
20 29
24 21
17 28
11 33
8 3
25 13
26 26
15 22
19 34
5 34
24 4
20 6
0 29
27 23
5 20
3 21
14 19
4 30
2 24
24 9
12 28
11 12
14 6
17 34
21 16
7 10
7 17
12 27
15 2

36 33
67
35 32
11 5
0 27
29 16
11 19
30 11
20 18
35 14
1 14
33 3
1 4
16 7
12 6
17 27
3 0
9 10
11 20
24 22
17 27
19 10
18 23
18 4
0 3
33 31
1 30
14 24
10 1
4 6
29 12
20 15
6 7
5 27
12 15
22 31
4 23
23 2
17 14
16 13
15 14
0 29
19 2
14 31
0 4
22 2
17 22
14 5
18 28
35 4
17 3
4 27
30 18
7 11
34 4
32 4
25 17
18 6
27 5
0 13
11 13
13 11
16 26
8 16
12 1
27 21
29 1
23 28
23 28
15 3

24 32
21
4 16
10 6
21 9
10 15
14 25
22 30
20 14
4 26
11 30
7 11
8 6
7 17
11 26
11 6
18 25
0 9
0 0
3 23
20 30
2 9
22 25
11 2

38 17
64
25 6
19 3
19 14
8 9
25 2
30 8
0 7
32 12
29 6
25 12
8 1
13 5
14 16
9 12
12 9
13 3
3 2
30 9
31 13
9 13
31 4
12 3
35 16
19 9
16 4
33 6
36 5
36 12
29 14
25 4
36 14
29 12
18 10
14 10
17 16
26 4
35 5
15 6
17 15
8 7
16 12
36 5
18 10
9 14
19 4
10 8
24 9
18 14
9 8
9 4
26 0
4 6
2 4
9 9
0 10
36 7
18 11
36 1
4 12
10 3
32 8
15 13
8 16
8 14
13 1

37 23
74
5 5
10 6
19 12
14 1
20 16
17 17
21 11
35 21
28 3
7 12
18 6
16 16
23 17
35 5
9 3
34 9
0 10
13 1
30 2
33 19
33 10
19 18
7 1
5 13
30 0
7 19
19 0
30 10
21 22
23 13
34 21
29 22
28 10
11 21
20 3
7 19
26 7
27 19
0 20
20 18
27 4
6 13
0 6
15 22
18 1
14 1
10 0
12 12
34 13
6 0
29 0
15 14
31 8
13 0
5 19
3 2
23 1
32 2
29 21
0 3
6 22
26 21
32 14
0 10
27 20
24 15
33 17
29 17
16 4
23 10
20 21
33 16
30 8
18 22
13 3

27 10
72
9 4
2 4
9 2
8 4
2 1
14 5
6 6
1 6
18 2
18 0
4 0
26 2
22 9
23 7
22 5
2 8
21 2
6 1
18 7
8 5
3 8
5 7
6 4
11 3
21 0
12 2
9 0
17 4
24 8
11 8
17 1
10 6
3 7
26 1
19 2
18 2
13 8
25 0
18 6
20 2
7 6
7 9
20 0
13 2
3 0
3 9
16 3
2 7
8 7
20 8
22 1
25 8
7 0
1 4
1 2
24 8
9 4
1 8
3 8
13 0
10 7
13 6
14 6
26 5
17 8
23 5
19 5
4 4
2 6
8 8
17 9
10 1
12 2

39 10
57
22 6
7 9
7 6
11 9
27 4
13 0
0 8
26 9
19 5
33 0
29 2
1 0
14 3
32 4
32 4
25 6
18 3
3 8
9 9
5 5
3 6
12 0
9 1
17 7
12 9
10 0
3 6
7 4
35 5
14 9
18 5
35 8
1 2
5 5
26 2
26 8
10 7
18 4
32 2
17 5
3 5
10 3
18 6
7 4
25 9
35 8
27 7
37 3
26 3
24 2
31 0
9 5
19 3
24 9
23 9
13 4
20 0
13 1

38 23
68
25 21
9 3
30 14
0 6
28 17
26 6
29 13
34 17
27 21
32 22
13 4
4 19
37 6
4 13
29 7
21 2
13 5
18 12
35 5
1 12
22 4
36 19
23 8
18 17
27 13
22 16
24 2
32 9
30 12
30 3
7 18
24 8
5 16
20 19
25 22
28 12
7 10
5 1
19 3
35 11
6 17
8 2
3 15
26 5
27 5
32 18
36 6
16 16
12 21
18 6
15 17
18 9
6 12
11 12
4 6
34 4
36 3
20 8
10 8
8 2
35 16
28 21
22 2
22 15
8 12
30 8
17 13
31 4
11 1

14 24
50
1 20
6 1
9 12
12 5
13 6
6 16
11 11
5 21
4 8
13 12
1 16
4 11
1 19
9 20
1 8
13 15
10 18
8 12
10 2
12 23
4 16
7 16
11 23
3 13
11 21
8 7
9 19
7 14
11 23
2 10
5 4
13 15
7 3
2 3
12 8
6 8
3 3
10 1
7 9
9 2
13 6
13 0
10 9
4 18
6 21
5 19
11 0
12 21
2 1
13 20
14 1

26 38
78
0 18
9 24
22 35
3 5
22 3
5 25
10 20
15 36
12 23
18 10
12 31
8 19
3 6
23 14
25 10
17 7
9 17
22 18
15 8
16 21
20 36
13 35
22 21
20 17
8 5
15 29
25 6
9 11
11 9
7 21
6 7
10 0
4 4
20 24
25 12
18 11
16 16
3 29
13 21
13 8
0 3
1 11
3 28
16 5
25 23
9 35
22 25
23 7
12 22
13 12
12 33
1 25
17 35
13 19
13 10
24 6
21 14
9 8
3 27
1 33
21 15
8 33
6 1
8 16
19 37
15 14
11 11
25 6
14 5
8 15
6 7
24 1
15 16
15 7
10 9
12 18
2 21
20 8
10 1

27 30
80
9 28
20 6
18 3
14 20
14 6
10 19
9 21
18 15
5 0
10 14
7 2
16 23
12 24
20 25
0 3
21 22
10 8
13 19
9 7
20 26
2 18
16 0
1 3
3 22
7 19
22 19
2 11
0 13
7 9
7 24
18 5
0 5
17 13
22 6
1 13
2 6
21 7
21 21
20 2
17 21
26 26
14 26
7 17
6 11
24 23
21 18
23 25
20 20
11 7
20 16
12 19
1 7
9 22
22 4
6 7
10 13
18 12
18 0
13 9
21 10
25 13
5 16
23 27
1 6
12 18
14 17
14 24
16 18
6 8
13 25
26 4
15 10
18 6
12 23
26 5
8 17
13 2
1 28
15 23
5 16
12 3

32 22
63
11 10
16 8
3 19
24 10
27 5
9 12
20 9
0 14
4 0
12 10
28 21
18 14
9 2
8 0
4 20
5 5
8 8
30 13
6 9
23 1
15 18
6 9
11 4
28 10
4 4
4 14
30 9
22 19
15 20
6 8
11 10
8 16
26 11
27 6
9 20
11 14
4 13
5 0
9 5
9 9
19 21
21 3
0 4
3 13
4 17
27 12
3 6
17 17
15 1
13 3
12 2
19 21
7 20
26 2
25 1
29 17
14 15
5 16
17 15
26 1
12 9
18 14
9 14
14 2
