6

5 139
159
2 24
1 128
2 28
1 75
4 133
4 19
1 79
4 27
2 61
4 78
1 96
3 28
1 84
2 49
0 129
1 48
0 114
2 21
3 34
1 37
2 116
0 58
1 42
4 133
3 77
4 12
2 67
3 5
3 44
2 4
1 124
2 44
3 92
4 99
4 68
1 84
3 138
2 65
0 129
2 25
0 31
4 53
2 5
3 62
4 52
4 43
3 123
1 89
2 122
1 37
4 50
0 133
2 32
0 7
0 49
1 137
0 6
0 16
2 30
0 30
3 0
0 113
1 24
3 13
0 63
4 11
0 18
4 62
0 71
4 5
2 122
1 131
3 5
3 33
2 9
1 71
1 106
3 29
3 134
2 132
2 138
2 117
4 122
2 95
3 77
1 101
1 126
4 58
2 37
2 90
0 93
1 131
4 113
2 22
1 26
3 117
2 34
0 107
2 47
2 55
4 94
0 4
4 129
2 128
3 67
1 94
4 135
2 37
2 42
0 30
2 108
4 85
4 51
0 9
0 67
1 95
1 137
3 77
0 8
2 82
3 78
1 134
2 45
3 57
2 117
0 106
0 96
3 111
3 31
3 2
0 132
4 38
3 33
3 132
0 133
4 32
0 120
0 120
2 72
4 107
4 90
4 87
1 53
1 26
2 62
2 119
3 46
3 112
4 125
4 14
1 110
3 24
3 83
0 17
1 111
1 98
1 39
3 8
3 40
1412 79

153 45
179
41 15
147 43
85 25
152 8
129 15
139 32
91 2
86 35
105 41
6 28
55 8
111 30
22 35
148 3
131 17
129 14
31 31
109 29
39 23
123 41
128 0
15 44
22 30
63 27
140 19
49 7
112 39
148 7
139 15
128 28
12 6
134 17
152 34
126 19
25 1
88 18
49 42
38 13
92 22
106 3
82 32
79 11
53 37
143 27
81 11
128 4
145 34
74 13
146 19
2 22
100 4
8 14
93 13
59 29
104 38
78 35
43 43
71 36
5 41
33 33
31 19
69 7
123 26
151 13
140 41
86 5
106 1
39 5
23 1
133 27
28 13
36 27
8 43
3 15
128 43
148 9
36 25
130 12
70 23
142 12
80 22
50 17
47 1
59 3
30 39
27 1
1 42
145 0
44 42
72 21
101 26
122 20
128 20
52 24
126 7
112 0
138 24
139 15
74 24
121 23
52 39
93 16
29 40
23 8
67 11
32 23
74 35
120 19
37 6
119 1
8 3
148 19
143 0
42 21
125 35
6 12
62 23
70 34
103 35
31 35
37 12
29 21
17 8
35 13
103 42
125 40
46 8
139 1
139 23
43 18
10 28
62 39
39 8
68 43
19 38
113 17
63 25
106 18
147 31
28 19
124 18
105 43
53 34
63 27
34 14
79 25
152 12
128 2
57 1
75 4
26 5
76 9
39 32
6 4
66 26
98 37
69 14
15 44
139 6
34 9
98 40
86 8
138 29
116 8
107 26
69 33
123 37
23 1
25 42
102 18
152 20
35 13
107 37
57 33
42 4
69 0
33 30
6 39
137 12
846 54

67 78
168
40 71
29 39
21 75
20 13
36 12
23 19
24 9
14 1
6 67
10 16
11 51
8 33
31 19
9 37
6 44
40 40
42 22
14 3
31 66
51 8
50 5
8 23
25 4
54 21
0 36
14 61
31 69
57 26
26 46
20 44
47 43
17 67
9 43
63 38
36 2
17 60
57 24
0 30
19 45
64 0
27 27
38 13
57 3
26 48
10 6
65 70
17 41
62 41
31 19
52 60
39 22
45 45
50 48
60 31
43 8
61 29
44 49
42 59
25 53
27 0
63 50
50 32
19 33
37 62
49 32
66 9
30 72
9 38
10 33
3 13
48 69
52 66
12 57
49 14
4 11
59 77
37 11
52 10
33 7
30 69
15 19
47 66
49 50
63 66
45 61
18 26
64 9
34 76
47 54
28 53
41 45
40 61
6 51
16 45
62 24
42 15
25 51
50 17
51 73
35 20
13 55
54 51
28 30
63 67
5 0
24 44
41 74
30 53
27 7
42 25
39 70
16 63
21 15
62 48
4 16
10 55
56 2
43 28
7 30
15 18
11 20
54 26
14 59
56 25
22 63
15 64
38 45
21 70
33 6
52 61
29 60
53 19
23 3
9 21
52 4
25 37
28 44
50 45
45 11
13 73
50 7
40 55
48 76
52 58
47 33
59 64
23 67
33 0
0 4
23 75
61 58
27 26
32 50
33 14
10 26
12 7
48 50
32 68
59 65
17 36
48 59
66 73
33 74
43 61
49 19
8 69
29 70
50 41
1419 82

187 97
113
19 62
71 92
1 44
40 26
119 11
111 25
18 61
59 76
22 31
147 53
163 48
128 0
16 11
30 1
166 85
186 70
43 39
3 87
151 61
3 10
45 46
6 56
25 46
168 69
75 34
8 16
45 47
39 71
159 47
107 63
83 34
180 77
62 67
32 66
48 37
109 25
32 33
184 28
31 75
45 91
49 44
88 66
124 85
115 15
9 86
7 60
13 48
87 57
86 14
36 40
153 80
96 23
131 20
186 25
70 33
4 88
40 90
95 24
29 79
39 24
152 1
81 14
181 13
84 74
26 43
130 68
134 84
77 87
45 40
92 47
169 21
70 60
51 66
123 14
132 68
28 26
12 25
144 27
147 42
155 80
94 70
167 20
93 31
52 81
169 71
93 82
78 63
12 24
10 46
154 88
27 59
5 35
170 7
88 96
74 47
164 46
55 0
2 84
53 74
151 30
171 23
90 43
6 84
47 47
8 37
170 42
125 26
84 43
165 51
119 9
20 51
86 16
164 86
20 133

149 44
97
0 3
66 34
114 42
49 27
9 1
127 27
47 0
95 27
75 37
65 18
10 23
89 21
55 32
141 22
16 37
79 17
74 13
41 41
81 33
69 37
116 1
80 26
81 2
123 36
136 32
55 35
53 16
143 4
78 12
27 11
18 30
142 27
11 25
86 39
108 15
133 35
94 19
63 32
146 6
22 16
76 24
117 37
105 32
122 21
0 8
99 35
2 25
106 4
106 30
23 19
41 24
71 25
105 31
68 11
72 27
65 23
136 27
28 16
61 2
91 18
80 23
79 18
7 32
110 13
108 43
14 31
96 19
52 3
113 29
40 17
35 39
81 4
12 25
56 10
145 13
116 6
147 21
69 0
139 18
95 32
121 8
21 26
66 24
72 19
16 15
5 39
26 25
130 25
89 42
148 21
45 42
72 36
4 18
23 13
10 2
72 5
99 40
103 27

104 168
71
20 144
41 27
66 126
44 147
94 94
8 152
101 65
51 35
90 135
99 32
12 10
34 155
29 74
82 78
51 23
25 154
12 102
76 126
46 158
93 151
70 144
72 165
93 96
37 154
54 47
50 117
86 153
69 167
83 105
25 98
67 73
93 84
60 105
23 108
6 23
60 120
0 47
27 117
25 128
4 88
20 142
81 67
20 55
8 9
33 140
3 133
44 19
74 133
0 17
46 51
5 157
25 136
91 104
79 108
23 106
94 155
13 90
46 148
55 52
92 114
48 70
11 76
76 56
90 50
92 166
101 78
73 13
43 14
76 96
82 153
8 138
1566 52
