20

47 2
46
45 1
5 1
14 1
16 0
7 1
1 0
46 0
31 0
10 1
19 1
3 0
27 0
37 1
21 1
32 0
11 1
22 1
2 1
41 1
24 0
15 1
4 0
21 0
42 1
6 1
9 0
5 1
40 0
3 1
38 1
29 0
19 1
0 0
42 1
43 0
8 0
22 1
12 1
25 1
11 1
23 0
11 0
22 1
0 0
39 1
41 0
5 1

10 19
1
0 2
5 1

45 44
21
35 17
22 31
21 28
16 10
13 23
41 8
0 39
2 0
20 5
14 21
30 11
19 20
23 6
18 25
22 9
27 3
16 39
8 41
34 17
19 34
13 26
5 1

25 17
24
2 3
7 12
4 9
22 1
0 15
11 15
1 16
22 6
21 10
17 7
8 11
24 2
17 12
11 13
21 7
15 1
20 11
21 5
11 16
4 13
17 15
16 7
1 1
24 4
5 1

33 8
32
27 5
22 6
21 2
30 5
14 3
20 5
12 1
7 7
27 5
11 1
13 7
17 0
18 6
31 4
5 1
14 3
17 1
12 3
8 5
20 6
8 6
12 6
24 4
8 3
22 1
14 6
3 4
27 5
26 3
24 7
13 7
16 3
5 1

46 6
44
11 4
40 0
27 3
15 3
12 2
33 5
18 3
29 4
21 3
3 2
30 5
9 1
7 0
38 4
39 4
22 3
21 3
27 1
33 2
9 2
6 2
19 5
15 4
41 0
19 3
18 3
2 4
14 2
38 3
17 2
32 0
15 3
8 4
44 3
33 2
14 0
27 4
36 1
13 1
34 2
18 4
20 2
26 2
44 3
5 1

2 9
8
0 3
0 6
1 4
0 8
1 0
1 8
1 8
0 8
5 1

7 18
17
6 0
5 17
4 6
3 10
4 1
4 4
5 5
2 10
1 3
5 8
1 15
6 1
1 5
1 0
5 13
4 1
0 4
5 1

26 9
25
1 3
11 2
14 8
23 8
16 0
4 6
23 7
19 5
3 1
22 6
16 1
17 6
0 8
18 7
4 5
23 4
12 1
20 5
23 3
10 5
16 3
9 5
25 8
18 7
24 4
5 1

25 39
3
23 25
10 18
21 6
5 1

32 2
11
17 1
11 0
30 1
6 1
23 1
25 1
18 1
26 0
13 0
18 1
6 0
5 1

32 26
19
16 6
15 24
10 22
14 16
0 15
10 2
13 3
12 20
27 2
20 8
31 20
20 6
5 15
17 9
11 19
21 7
14 15
11 19
28 12
5 1

45 44
20
38 32
10 39
36 14
39 24
43 25
24 21
22 6
28 21
20 11
14 22
1 9
19 18
9 27
13 27
32 3
31 10
23 12
18 28
22 39
16 6
5 1

5 19
18
4 10
0 6
2 8
4 11
1 9
2 11
2 2
2 0
3 18
4 16
2 18
3 17
3 4
4 9
0 5
1 2
2 15
3 13
5 1

34 31
20
31 8
6 16
11 25
19 12
19 0
16 9
29 7
31 0
8 24
25 22
2 24
33 3
3 8
0 12
10 8
30 1
23 4
14 5
2 8
22 27
5 1

4 40
36
0 22
2 30
2 3
3 21
0 38
2 34
0 11
2 26
2 36
0 19
1 0
3 26
2 30
2 29
3 0
0 39
3 20
1 25
0 13
3 5
0 30
2 39
2 18
0 22
0 23
0 22
2 33
2 3
0 22
3 19
3 0
3 14
0 23
0 19
2 0
1 18
5 1

11 29
24
10 11
2 7
5 9
4 7
0 18
10 6
9 4
6 24
8 27
5 7
6 6
6 18
5 28
1 21
5 13
6 23
2 10
10 11
6 14
0 14
9 5
6 27
5 2
7 22
5 1

33 5
7
0 1
27 2
19 3
23 0
10 1
29 4
32 3
5 1

21 15
14
5 3
11 4
5 4
0 4
6 12
12 11
7 11
2 6
1 13
18 5
16 1
6 13
7 4
20 7
5 1

12 31
30
9 12
9 4
3 14
11 19
8 10
6 4
5 30
0 15
10 5
3 27
7 17
3 23
9 26
11 19
7 27
2 28
2 17
9 20
4 18
5 1
10 6
7 1
11 15
6 20
1 19
10 5
8 4
7 29
3 3
8 13
5 1
