16

21 19
80
0 10
6 16
5 1
5 3
5 17
3 4
4 7
15 14
17 6
3 11
16 10
1 2
12 17
18 11
11 9
4 15
5 4
16 0
13 15
3 1
8 12
4 16
3 14
19 7
6 6
15 3
11 15
2 2
10 2
18 13
19 6
19 3
2 11
18 8
8 8
6 0
19 1
19 13
9 10
5 15
3 0
6 7
17 2
0 1
1 5
7 7
14 4
13 4
13 13
18 9
16 7
14 8
7 4
19 14
16 15
7 6
16 11
3 12
15 12
19 2
15 17
18 10
3 8
6 4
1 1
8 10
13 8
12 2
5 9
19 12
0 14
14 11
5 7
2 5
10 9
3 5
12 6
17 1
15 6
0 12
15 1

23 16
92
11 2
6 13
12 14
5 12
12 6
5 10
0 8
16 5
0 2
2 12
15 5
11 8
10 4
21 5
14 7
19 10
4 3
15 4
17 1
16 9
2 13
16 10
7 2
6 9
9 4
20 2
1 5
2 0
21 0
17 2
12 8
3 1
0 14
6 1
8 7
18 2
16 6
18 6
21 1
18 7
8 0
18 5
20 9
5 6
14 13
0 13
4 8
14 3
19 11
5 14
16 12
6 6
9 1
9 2
5 0
8 3
13 2
7 10
14 11
4 9
15 3
3 9
20 4
0 6
3 0
9 9
16 1
1 7
1 6
21 3
13 6
4 11
18 8
7 5
6 5
13 7
11 6
21 6
17 13
14 0
15 11
6 11
1 12
5 9
2 1
9 3
17 10
14 1
9 14
3 3
21 13
0 10
15 1

26 21
106
10 13
13 7
7 19
0 0
3 18
6 8
0 1
1 19
6 5
23 17
2 1
17 9
13 3
1 4
3 3
22 11
2 14
4 8
22 2
18 6
20 1
2 9
23 11
11 14
18 17
20 14
12 3
24 19
2 2
14 10
9 8
16 17
13 6
2 3
3 0
15 15
22 17
0 4
3 8
17 18
22 6
9 12
22 10
3 13
8 6
16 0
15 9
12 10
19 10
15 8
16 16
16 3
11 3
12 1
3 9
11 10
15 19
4 3
9 13
12 8
13 17
2 17
0 11
15 14
14 17
10 11
14 0
13 12
16 15
3 15
24 11
9 19
9 10
1 1
18 13
4 19
13 9
9 5
17 4
18 3
17 8
5 1
23 7
5 4
0 18
9 15
6 9
11 16
10 15
12 17
10 12
16 14
8 11
13 1
20 5
14 2
21 7
22 15
8 8
19 3
12 9
2 6
22 19
8 15
20 11
14 13
15 1

21 18
71
14 9
8 15
13 5
0 2
14 14
4 6
13 15
2 0
8 2
13 13
19 4
10 1
18 3
9 5
9 1
19 9
18 9
11 14
8 9
17 11
16 5
15 4
11 5
14 4
1 6
0 9
16 2
0 7
7 15
15 15
0 5
2 15
8 13
18 8
12 6
7 2
8 4
14 15
12 9
11 1
0 16
4 12
18 0
3 1
4 11
6 2
12 13
4 10
15 5
0 11
11 3
19 3
6 11
6 13
15 13
17 0
18 7
3 9
11 4
4 15
18 10
13 14
18 6
7 1
2 7
3 10
6 9
1 11
5 2
6 12
2 8
15 1

28 38
65
2 9
11 1
21 8
26 32
26 1
21 19
0 30
8 2
2 10
3 24
22 36
20 5
9 2
11 13
13 18
26 25
12 20
10 18
0 32
7 1
10 25
16 18
7 2
9 12
18 30
5 30
13 16
4 13
21 34
23 14
21 33
19 12
19 28
22 19
14 33
24 16
18 17
22 30
25 30
20 12
17 18
3 11
9 1
6 9
5 17
17 14
26 0
20 18
25 29
6 6
1 24
6 14
13 14
25 12
12 14
26 7
2 29
22 23
9 0
14 35
16 36
23 28
18 26
1 28
24 32
15 1

33 22
99
4 13
11 6
8 3
23 18
23 20
0 0
6 11
16 9
5 13
30 3
6 14
19 17
0 19
25 3
31 4
10 18
29 2
12 13
29 10
9 18
1 1
29 8
4 15
24 2
12 20
21 17
29 12
4 12
11 15
14 19
17 8
13 3
29 5
3 20
10 13
14 15
17 12
3 18
0 16
9 3
17 5
6 7
13 0
7 7
16 2
31 0
12 8
0 17
9 8
26 0
6 9
19 13
0 3
10 7
22 14
14 3
13 10
29 15
22 18
30 18
5 1
5 6
28 19
20 14
10 10
17 1
20 2
1 11
11 3
27 18
2 11
18 10
18 15
26 18
15 18
12 5
7 4
8 14
9 9
21 2
28 8
14 17
16 7
10 5
27 9
8 15
1 8
3 12
15 13
19 6
5 4
13 6
24 17
6 16
20 10
26 17
27 7
16 11
8 5
15 1

29 34
91
9 30
15 19
2 5
19 31
26 32
17 26
11 27
16 6
18 30
12 6
14 2
12 29
18 14
11 4
15 28
15 0
17 2
16 24
1 3
24 20
11 9
13 26
2 8
4 9
0 30
2 16
7 29
25 31
26 17
4 15
20 8
6 1
19 21
12 28
24 4
1 30
2 20
8 30
26 14
0 22
21 32
6 18
0 28
4 27
14 1
27 22
23 16
12 21
8 13
18 31
10 30
6 16
21 29
17 24
20 27
25 5
19 17
12 23
19 13
8 24
15 6
3 20
21 14
18 7
1 29
27 17
24 17
14 32
20 21
9 12
17 23
11 15
1 4
14 11
26 28
4 7
1 15
13 10
3 28
5 10
11 23
17 18
14 18
17 3
2 10
23 23
2 23
7 11
14 31
7 27
4 26
15 1

22 39
73
19 21
16 34
0 14
3 25
8 35
10 1
6 32
7 33
14 14
1 35
7 17
13 18
19 35
5 17
19 26
15 18
10 2
14 36
5 0
14 23
17 10
10 8
8 31
6 6
11 34
18 14
16 37
4 33
12 8
18 29
4 22
9 35
9 28
16 26
18 20
11 11
8 0
9 27
9 3
8 12
11 21
1 4
17 15
9 8
12 25
18 36
7 10
12 16
5 33
20 16
4 0
1 2
18 24
3 29
13 24
6 34
7 2
3 18
14 12
15 29
4 30
8 15
11 28
8 26
16 0
14 30
10 3
10 23
6 19
16 3
7 29
18 10
2 35
15 1

16 38
102
11 28
12 2
13 8
2 35
3 19
7 19
2 22
4 31
13 24
1 17
11 11
13 34
5 23
1 29
9 34
1 14
5 1
0 23
14 36
11 17
0 36
14 24
2 3
10 11
6 5
14 26
8 10
8 1
10 5
1 36
12 13
0 1
13 27
12 9
14 10
8 4
12 5
0 3
5 12
10 4
13 2
2 27
3 1
12 22
13 31
3 27
5 3
4 19
12 33
5 11
4 12
14 0
10 23
11 8
10 19
12 4
6 1
4 1
9 2
3 28
4 34
6 19
5 35
12 11
11 26
2 11
11 23
13 0
1 9
0 35
9 26
5 5
8 14
13 33
5 17
8 26
14 33
14 4
9 33
1 10
6 25
6 16
8 7
1 24
4 29
11 4
11 21
3 25
1 2
5 15
8 6
6 36
7 15
5 8
5 34
3 18
8 21
13 11
9 6
3 32
9 22
0 0
15 1

36 30
87
33 15
31 25
18 17
7 23
32 6
23 25
33 26
10 20
30 4
3 17
31 17
32 5
26 2
15 14
3 23
11 25
28 27
33 3
30 16
7 16
23 0
21 4
26 21
6 28
24 19
12 23
25 10
22 12
14 1
8 15
27 0
12 17
28 10
5 14
21 14
34 17
4 18
23 14
26 14
9 15
25 9
33 13
18 19
34 8
18 23
30 24
16 26
8 3
4 7
34 2
11 12
8 10
32 8
33 18
17 1
20 16
3 26
33 11
18 22
34 6
8 13
1 12
16 11
19 3
11 1
1 17
24 15
20 19
14 27
13 2
14 20
33 20
9 22
26 16
34 12
25 12
12 2
0 21
2 23
8 2
18 9
9 24
20 22
30 0
22 18
26 17
21 1
15 1

28 16
88
20 3
22 10
8 11
2 5
23 0
21 4
0 1
7 9
16 12
12 7
4 1
6 12
20 2
19 8
11 2
12 3
6 1
10 1
2 12
24 5
26 12
25 5
3 0
23 11
24 7
6 7
10 14
2 6
1 2
22 2
18 10
11 12
26 14
3 7
8 7
12 9
14 4
24 3
5 5
13 0
26 1
21 9
9 14
7 4
15 7
11 9
7 2
21 14
23 10
7 5
10 3
8 10
20 12
0 3
23 8
23 7
17 1
26 11
21 10
4 7
22 3
3 8
6 0
17 4
19 11
22 1
10 12
0 8
6 2
15 3
23 12
15 13
9 13
6 11
19 1
14 11
24 0
18 5
22 9
11 6
4 9
21 11
20 14
17 11
14 0
16 10
19 4
3 11
15 1

19 39
74
10 30
10 8
1 0
15 4
1 3
7 6
4 7
11 35
15 12
8 3
6 3
8 28
14 11
17 14
5 18
3 12
2 24
7 14
3 7
8 17
7 18
5 0
13 26
0 5
2 9
8 23
9 18
13 36
6 34
11 36
12 23
17 26
8 37
16 5
13 23
6 13
2 22
16 14
12 11
16 11
1 12
1 1
5 32
8 11
3 8
11 24
2 5
7 33
2 33
3 29
7 23
0 33
3 22
16 35
17 32
15 37
12 37
11 26
3 35
3 26
16 27
4 2
8 13
13 1
11 30
10 10
2 17
1 25
7 19
17 0
14 9
0 11
3 33
12 20
15 1

33 20
78
20 17
2 7
11 6
24 13
28 17
19 7
15 10
23 10
7 11
2 1
13 0
17 18
23 6
23 3
27 10
27 7
18 13
17 9
21 7
7 4
2 16
10 3
11 10
12 11
16 1
4 12
11 15
11 13
29 7
8 6
25 9
30 7
4 1
18 8
28 0
17 6
15 9
22 15
5 15
3 1
31 7
25 4
15 16
23 18
8 14
20 6
26 4
13 9
13 18
11 2
24 3
22 3
4 0
7 0
16 7
20 8
9 2
18 11
9 18
13 17
6 2
24 9
31 10
21 12
11 12
2 10
25 10
1 7
13 7
7 15
23 14
25 17
14 2
18 7
24 10
27 9
26 9
5 6
15 1

33 15
85
16 12
20 1
14 0
14 12
31 13
3 5
31 7
21 1
9 1
29 1
28 6
30 0
6 9
13 5
16 5
20 10
14 4
25 9
25 10
5 13
26 9
14 5
14 9
31 11
25 5
6 3
24 11
9 4
18 3
26 6
24 6
29 6
3 2
22 6
11 10
30 10
20 13
18 10
5 2
18 11
3 3
13 6
29 4
18 6
19 12
7 2
25 4
17 10
25 6
15 10
15 13
7 0
11 3
9 2
2 1
31 9
16 8
31 12
21 8
28 4
26 8
25 11
15 1
7 12
13 4
2 3
15 12
24 3
23 2
6 2
2 4
19 11
3 6
16 7
26 7
1 7
16 0
0 1
28 11
14 10
20 12
12 11
18 1
1 13
10 3
15 1

34 18
95
13 3
10 5
31 5
4 9
11 8
23 0
19 1
23 6
3 13
28 0
29 13
10 13
11 10
29 16
18 15
17 16
13 4
7 10
26 10
21 13
11 9
24 3
17 7
23 2
22 3
16 15
12 9
13 12
20 3
6 8
16 16
22 11
31 0
17 0
27 10
7 0
15 1
3 1
3 3
3 9
26 2
32 10
19 4
24 12
7 16
12 0
12 15
23 11
8 11
16 14
18 0
14 14
10 8
11 12
13 1
8 15
0 15
27 4
14 7
29 15
12 6
12 3
4 11
7 5
13 16
6 15
7 8
10 11
22 2
28 16
26 4
7 11
24 16
9 9
24 8
17 9
22 13
18 5
23 15
16 9
16 13
28 10
31 13
31 4
16 1
20 0
3 7
31 9
10 15
12 5
5 6
0 8
0 9
4 10
7 3
15 1

18 30
104
9 17
2 7
9 20
4 6
7 14
3 8
3 5
8 8
15 21
6 14
9 3
1 23
6 23
5 27
5 2
16 6
1 16
7 28
3 24
6 5
7 18
8 21
16 12
5 10
13 8
0 1
14 11
13 21
5 0
3 2
12 17
0 16
6 11
15 6
13 6
16 19
8 17
1 20
14 22
4 28
0 8
13 3
9 25
15 8
5 8
14 3
3 25
4 3
10 17
2 20
9 18
7 23
5 4
14 18
11 25
0 19
6 12
4 9
3 0
7 17
10 1
10 20
9 15
14 20
0 4
0 5
7 21
15 16
8 5
8 22
13 26
12 22
14 8
15 20
16 15
3 23
2 16
0 10
0 25
13 1
5 23
13 23
10 5
5 28
1 7
10 24
2 3
1 17
7 0
5 17
5 1
1 14
3 4
15 1
15 22
16 21
2 9
9 23
11 1
9 1
13 0
10 3
8 0
2 28
15 1
