6

32 35
60
25 33
5 31
14 29
1 26
27 30
10 31
18 22
13 5
7 3
28 26
30 34
31 22
27 1
28 16
29 12
20 25
6 23
7 4
4 9
10 32
8 1
7 29
24 29
14 1
29 16
12 20
27 23
19 9
23 32
28 31
14 22
31 27
8 29
21 33
2 20
20 26
22 1
14 13
18 34
29 13
4 7
19 15
13 17
31 29
24 13
31 20
20 21
3 3
14 7
11 5
18 28
9 2
26 4
31 4
16 4
31 14
28 16
12 9
5 19
10 7
5 2

31 35
60
15 14
12 9
6 20
4 9
29 3
10 15
16 4
12 1
28 19
17 34
16 13
13 27
16 26
30 14
21 34
5 9
15 20
22 8
10 30
6 3
24 14
27 2
28 28
6 11
26 29
7 7
11 11
15 26
26 13
3 9
24 19
18 18
3 33
2 4
4 21
18 4
20 28
17 29
23 11
30 29
17 17
26 27
4 18
26 26
18 21
27 5
4 13
6 2
30 28
15 14
30 1
12 2
19 2
23 14
15 4
30 9
15 27
17 33
8 3
4 19
7 2

35 33
60
5 7
22 29
9 6
14 32
24 28
32 5
30 32
10 14
18 14
10 20
25 22
17 31
9 4
5 2
23 15
3 21
16 27
18 21
25 31
30 4
21 28
12 13
32 8
24 25
28 29
20 20
16 23
14 10
33 28
2 23
4 31
18 5
30 1
33 20
3 9
30 14
28 31
17 7
15 15
2 5
16 16
31 26
32 17
28 1
13 18
1 13
33 26
33 6
13 30
30 1
9 10
1 20
12 32
4 16
5 2
19 21
3 5
18 24
10 24
29 1
5 3

31 30
60
20 17
29 24
4 2
11 12
10 25
30 21
12 13
4 11
14 10
3 15
10 25
4 13
18 19
1 5
24 9
23 11
12 22
29 2
15 23
26 10
12 26
27 5
11 26
30 16
2 26
11 23
11 28
3 23
2 4
16 1
18 21
1 18
6 29
6 13
25 5
14 20
27 18
3 15
23 17
19 2
11 22
1 28
9 2
20 25
19 16
18 25
18 22
20 22
5 28
22 12
26 26
6 8
14 20
8 10
23 1
19 1
7 17
23 25
30 13
14 7
6 3

31 32
60
14 9
29 1
16 9
1 14
2 6
7 16
11 4
9 29
20 18
24 20
15 15
4 8
20 14
20 21
4 17
6 17
19 29
29 17
10 6
5 21
1 13
1 28
3 19
17 8
19 17
26 30
28 9
2 12
27 29
3 17
27 26
17 7
30 16
16 1
6 1
12 10
12 13
12 17
7 6
22 6
28 25
29 9
13 20
29 22
13 18
9 27
7 31
30 3
20 18
7 8
8 31
14 24
28 15
21 5
12 19
26 12
14 5
25 28
22 22
27 28
7 2

34 35
60
28 6
10 15
31 22
8 10
5 19
1 9
23 3
9 19
3 21
22 22
31 8
28 13
15 3
18 13
18 33
25 15
2 28
1 20
18 6
19 9
29 16
32 34
26 24
17 21
7 22
21 20
22 25
24 22
31 4
18 1
29 12
26 26
11 16
19 25
12 15
19 13
32 17
7 24
5 29
7 32
18 13
3 26
28 18
27 11
32 8
6 21
25 16
12 16
2 4
9 23
13 15
27 8
6 17
28 30
4 27
11 9
5 19
3 5
1 8
1 1
6 1
