11

16 3
6
8 1
8 1
12 1
5 0
10 0
14 1
86 21

5 16
19
3 7
2 10
1 5
2 0
3 10
1 5
3 8
2 7
3 7
1 7
0 11
3 8
3 11
1 9
1 8
3 11
0 7
2 5
1 1
21 5

20 2
4
8 0
14 0
3 0
13 0
92 20

18 10
18
5 2
4 3
0 4
9 6
8 8
3 3
7 0
15 8
6 0
5 3
5 0
12 8
8 2
8 6
11 5
13 4
6 1
8 7
68 11

2 12
3
0 1
0 9
0 7
109 25

18 2
17
10 0
0 0
1 0
12 0
6 0
14 0
1 0
10 0
12 0
13 0
2 0
13 0
16 0
2 0
1 0
1 0
2 0
108 8

12 15
19
7 0
10 4
4 13
4 9
4 4
3 9
1 8
8 2
4 7
6 2
1 0
9 4
10 12
0 2
7 12
5 11
9 2
1 5
2 3
80 6

8 11
12
5 6
5 2
5 0
5 7
5 8
3 9
6 7
3 5
4 7
3 0
3 1
1 7
81 8

6 4
6
0 2
2 0
3 1
4 2
1 0
3 2
17 2

10 18
32
6 1
7 1
6 11
5 3
7 6
4 2
8 13
2 0
4 16
2 6
0 15
1 4
6 6
7 0
7 10
7 13
7 7
1 6
1 9
8 3
8 10
3 14
6 10
4 8
5 10
8 13
2 15
1 2
8 11
0 10
3 5
4 15
62 15

6 9
15
0 1
3 3
4 2
4 4
3 4
1 3
1 4
4 4
4 6
1 2
4 0
4 5
2 7
0 5
0 5
106 12
