5

86 68
83
46 44
12 33
49 19
6 2
8 51
78 15
84 66
69 51
38 29
66 32
5 58
82 44
70 34
58 67
11 6
63 41
42 29
4 53
30 48
6 39
53 4
70 24
39 51
69 35
43 45
22 24
72 0
16 32
62 39
10 59
45 43
28 36
46 54
69 53
34 25
22 6
58 34
38 49
44 45
80 31
54 24
41 66
18 63
81 15
30 11
52 28
70 47
62 58
19 33
13 8
19 23
48 29
26 52
80 8
5 42
71 59
67 34
84 39
75 29
64 12
76 1
2 34
18 44
82 29
7 16
5 8
29 59
1 37
29 63
39 12
54 24
0 53
34 2
26 36
69 27
36 11
28 36
25 32
0 17
75 29
23 39
10 21
24 23
149 9

65 96
82
42 56
55 30
0 60
22 39
47 81
1 38
8 23
27 49
14 45
59 8
55 18
31 35
2 46
55 46
61 50
60 22
5 95
25 5
32 82
55 55
1 95
14 57
4 49
25 77
36 6
25 1
33 64
12 48
32 30
45 51
45 8
3 91
29 93
62 3
15 77
11 52
46 25
27 67
5 56
6 41
10 6
6 86
25 14
18 21
23 70
23 61
42 82
60 21
57 89
3 0
48 52
27 82
45 33
17 87
48 38
31 88
59 42
41 83
60 54
16 70
61 50
27 74
4 28
44 84
18 88
7 27
2 8
32 25
28 3
37 68
13 17
6 53
45 11
29 85
45 18
64 61
25 30
14 72
51 7
30 79
47 81
9 76
121 3

89 96
99
4 72
37 8
57 89
27 80
82 25
36 84
23 79
71 50
35 1
8 93
25 28
53 15
11 9
2 31
6 45
87 69
36 62
54 26
9 81
12 90
65 91
22 30
69 7
2 33
76 93
74 70
58 59
88 1
65 31
9 83
82 26
16 66
64 5
79 79
17 38
9 64
50 56
36 76
59 46
2 7
4 11
80 38
3 34
19 75
36 71
73 14
57 86
15 25
47 44
38 17
7 50
12 83
35 47
43 9
42 76
51 10
55 61
85 95
76 87
81 33
87 73
31 31
21 63
42 91
73 32
88 61
16 62
3 28
15 80
56 75
25 21
80 20
37 37
4 18
68 62
26 58
85 34
76 70
36 81
63 76
87 46
77 36
30 25
66 57
82 70
58 38
29 58
54 14
81 46
24 92
11 51
60 83
40 48
1 22
54 59
73 84
39 43
66 85
8 57
227 9

92 71
92
20 48
83 35
58 9
71 50
1 15
81 46
8 61
41 66
16 60
57 44
5 5
88 14
5 38
73 24
18 65
68 58
58 19
16 55
24 11
39 44
62 22
85 62
66 51
20 39
7 7
26 42
46 16
31 68
13 4
87 47
1 69
69 32
19 16
72 37
69 52
69 15
47 61
57 7
86 54
52 1
51 19
54 35
50 20
4 9
86 45
42 14
52 10
3 51
40 64
23 14
42 59
44 39
0 26
7 50
75 53
75 1
35 15
79 27
20 28
4 19
71 43
50 5
53 1
51 39
76 65
59 30
63 3
11 62
61 45
5 40
27 44
26 59
15 68
3 23
32 2
89 19
41 67
31 58
88 1
83 22
53 0
46 40
10 11
76 25
25 64
63 43
18 26
10 56
38 68
16 70
8 42
70 4
122 5

75 96
92
18 78
19 1
14 18
44 67
8 90
24 3
56 36
36 54
46 35
18 59
1 66
20 70
70 40
4 91
24 37
48 9
38 69
2 77
45 85
13 93
29 28
16 80
59 82
2 82
35 6
66 10
41 80
45 30
60 31
37 43
0 68
5 57
32 95
44 0
31 54
9 4
71 62
25 50
55 91
16 70
25 49
57 10
70 0
4 89
2 33
18 69
6 24
46 47
8 36
18 44
49 13
55 76
7 68
31 28
33 2
32 33
31 19
4 20
19 52
35 19
56 81
29 59
30 54
3 1
67 91
33 20
54 61
40 20
18 62
4 65
20 82
42 51
5 13
2 25
9 52
0 87
44 69
30 15
30 93
68 86
8 29
41 33
16 11
27 59
55 37
17 10
44 62
52 29
8 5
52 77
46 34
60 31
32 2
