8

10 10
19
8 8
9 9
1 9
1 8
2 7
3 6
6 3
4 4
5 5
7 7
7 1
8 2
8 5
2 9
2 8
3 7
3 9
1 1
2 2
5 1

16 20
28
14 1
13 5
13 2
14 16
7 8
12 17
15 5
14 14
5 16
8 13
13 15
7 19
13 16
6 4
14 19
7 9
12 13
11 1
11 4
5 3
10 1
11 2
3 19
10 9
7 2
9 17
4 17
4 19
9 3

25 20
14
9 2
2 18
4 7
3 19
13 18
10 19
14 10
14 5
13 8
16 10
11 9
17 8
16 2
19 5
15 5

12 75
12
5 38
1 67
3 70
2 4
9 16
6 9
8 42
4 55
11 64
4 59
7 56
4 36
39 9

7 15
20
2 10
5 8
2 11
4 12
6 14
3 8
3 9
1 6
5 4
2 4
2 1
6 9
4 13
6 13
2 13
1 9
4 4
2 7
3 7
1 9
5 1

20 27
17
14 9
8 15
13 5
17 2
14 14
4 6
13 15
2 6
8 2
13 13
19 4
10 1
18 3
9 5
9 1
19 9
18 9
11 3

47 2
46
45 1
5 1
14 1
16 0
7 1
1 0
46 0
31 0
10 1
19 1
3 0
27 0
37 1
21 1
32 0
11 1
22 1
2 1
41 1
24 0
15 1
4 0
21 0
42 1
6 1
9 0
5 1
40 0
3 1
38 1
29 0
19 1
0 0
42 1
43 0
8 0
22 1
12 1
25 1
11 1
23 0
11 0
22 1
0 0
39 1
41 0
5 1

122 162
164
91 70
97 135
65 44
76 66
30 101
54 55
58 49
83 80
73 119
65 68
120 9
2 19
39 140
38 0
44 132
83 49
21 83
115 46
30 92
85 57
46 12
68 125
105 95
34 50
63 52
34 36
77 143
53 56
33 61
82 138
38 50
64 88
78 51
1 83
42 79
73 60
95 95
36 27
77 56
22 61
52 88
95 122
43 93
94 108
110 29
32 144
0 119
25 73
69 63
114 101
10 102
4 51
19 161
12 86
35 33
2 119
42 104
99 85
57 27
94 106
29 76
6 106
34 22
63 144
118 77
111 28
111 147
15 72
28 67
76 22
77 111
98 46
17 24
40 50
46 11
15 146
21 123
113 101
90 118
118 27
34 66
41 116
67 156
85 152
64 73
31 27
37 89
109 29
85 137
97 15
71 35
38 128
33 44
54 147
43 36
67 50
101 96
28 27
1 88
85 46
11 156
111 52
88 40
91 104
8 102
61 150
114 47
95 92
89 75
113 13
112 108
9 10
68 45
75 9
54 35
54 48
81 91
116 120
98 111
35 39
25 8
28 1
65 83
47 113
69 111
78 13
66 68
80 94
24 43
111 101
93 37
21 161
86 130
112 29
69 94
68 103
98 58
9 39
0 17
84 130
25 23
14 114
59 4
20 17
43 29
32 98
119 26
37 130
16 54
58 17
35 28
51 53
76 122
101 38
25 117
112 48
82 83
57 54
30 22
66 75
70 2
91 94
14 157
24 41
294 93
