6

36 19
50
15 9
14 6
19 4
32 15
27 17
4 3
13 8
11 7
7 9
35 7
21 17
17 6
18 18
35 2
14 16
30 12
9 16
23 18
4 11
27 8
9 16
28 8
15 8
17 7
7 17
9 15
35 10
3 14
29 4
7 5
34 4
27 3
11 15
16 13
17 15
19 9
13 5
23 1
12 11
32 8
3 3
8 17
29 14
13 17
11 18
17 15
18 17
19 9
15 7
10 1
152 8

15 43
70
1 7
4 9
13 2
1 12
12 7
8 39
8 36
2 7
1 1
3 28
14 10
10 41
4 30
1 39
7 17
8 20
4 30
12 16
8 16
13 27
14 6
2 15
5 21
2 21
6 36
5 2
13 10
14 31
14 25
9 35
10 2
5 14
4 30
10 36
13 37
3 21
6 1
13 26
4 1
14 1
2 30
3 11
2 42
5 33
2 2
1 18
1 3
8 38
4 1
5 5
4 38
9 29
6 39
13 6
14 5
2 23
13 30
12 17
2 17
2 31
14 18
2 7
2 13
8 15
5 38
14 40
8 23
12 24
6 23
4 36
162 117

49 29
33
4 18
30 5
30 16
33 13
46 25
14 23
20 2
32 2
42 16
41 13
38 22
40 7
40 5
45 17
18 26
26 27
3 3
16 21
2 1
19 20
2 5
9 27
11 13
36 13
36 22
25 13
2 17
16 26
18 2
36 16
6 8
40 24
14 7
34 34

44 50
12
31 27
26 23
32 12
12 25
5 2
29 14
32 22
3 36
3 43
25 4
43 43
36 42
162 152

19 42
90
1 21
7 11
6 16
17 16
13 34
2 38
7 38
7 8
9 25
11 17
7 32
13 36
13 13
4 6
14 40
3 13
5 36
17 15
17 15
4 31
1 9
2 36
16 10
10 1
10 31
18 21
4 38
4 7
5 9
11 12
1 17
13 30
11 23
12 32
12 26
7 27
13 1
3 34
5 1
11 37
11 28
8 17
2 33
1 21
6 4
18 32
11 32
1 32
15 30
12 18
14 20
18 28
6 17
13 17
8 8
7 9
9 34
15 40
15 22
8 40
16 8
11 20
9 38
1 18
2 1
18 6
16 12
10 5
2 15
11 29
10 30
12 5
8 35
8 7
5 8
11 35
2 32
2 16
15 27
4 19
9 29
1 4
13 39
16 2
5 14
12 41
3 32
17 12
12 36
6 18
54 50

28 28
36
1 1
13 20
15 7
19 23
6 3
2 26
21 25
23 12
20 4
12 5
23 7
23 9
2 17
20 25
9 23
14 9
27 10
14 24
24 2
16 8
10 19
12 10
7 27
12 23
27 15
24 22
13 25
3 27
24 17
18 1
20 7
11 7
9 26
25 22
5 20
20 24
146 81
