8

3 18
104
2 16
1 11
2 17
0 7
0 6
1 12
2 11
2 10
1 6
2 9
0 14
2 15
1 3
1 1
2 9
1 14
0 13
2 16
2 7
2 10
0 10
1 11
1 3
2 10
1 11
2 12
0 6
1 3
1 8
2 12
1 1
2 8
0 11
1 17
1 6
0 8
1 17
1 1
0 16
1 8
2 3
0 15
2 2
2 3
0 4
1 7
0 1
2 15
1 5
2 3
0 4
0 6
1 12
1 3
0 8
1 14
0 1
1 17
0 1
1 12
0 9
0 17
1 7
0 7
0 5
2 1
0 2
2 11
0 14
0 16
1 4
2 16
1 0
1 0
1 15
0 3
2 6
2 6
0 16
2 4
2 15
0 7
1 0
1 10
1 0
1 17
2 2
1 7
0 6
1 14
0 15
2 16
1 2
2 11
0 10
0 7
1 9
0 5
2 9
1 2
0 15
2 8
0 12
0 9
705 187

7 8
126
2 3
2 7
3 5
0 7
4 7
2 0
6 6
3 4
2 3
3 2
5 5
4 6
4 1
0 0
5 4
6 2
5 0
1 4
6 1
2 4
2 2
6 7
6 6
2 5
5 2
6 7
0 7
5 7
0 3
0 5
4 0
4 4
4 0
3 5
3 1
2 5
1 7
3 7
2 5
0 2
2 7
6 4
0 2
0 0
6 1
1 6
4 1
3 3
2 6
2 7
4 7
0 7
1 4
3 7
2 6
1 1
1 5
6 0
1 6
0 6
1 6
4 0
4 5
5 2
0 5
4 2
2 2
0 3
2 3
4 7
3 2
6 6
6 3
5 4
0 4
0 3
2 4
0 2
6 4
0 3
4 0
3 2
6 6
4 0
3 2
6 7
5 3
0 4
4 7
4 5
2 7
2 3
0 6
1 6
6 2
5 1
5 4
1 6
2 0
0 7
5 5
1 0
1 4
3 5
1 3
1 3
2 7
0 3
2 3
6 7
1 7
3 7
3 6
1 5
1 2
0 5
5 4
4 1
3 5
3 7
4 0
0 5
1 1
0 5
0 1
5 4
1785 92

47 45
137
0 3
3 20
5 32
11 34
29 22
0 39
0 3
18 23
1 39
15 18
8 31
34 21
30 22
19 0
6 9
37 20
12 22
11 38
11 40
1 8
29 37
11 16
3 10
40 42
24 14
14 27
44 3
9 24
31 15
27 25
38 12
45 5
35 3
20 28
22 22
8 44
32 19
30 40
22 32
33 42
33 10
20 25
26 6
28 21
42 7
14 7
7 31
40 41
18 13
29 41
21 42
39 18
11 36
8 32
3 44
37 8
31 23
22 4
10 19
4 39
15 37
28 8
5 33
10 13
30 10
15 2
36 20
36 11
19 44
19 20
30 10
26 19
11 44
1 22
22 17
46 4
31 6
26 6
36 28
16 17
26 8
34 3
16 13
10 14
31 9
12 28
40 37
25 40
14 13
31 43
36 33
0 36
6 30
13 15
21 5
32 33
6 39
46 16
0 17
4 7
36 11
33 25
23 1
2 9
5 1
25 24
2 12
16 43
24 6
37 34
44 5
30 13
42 31
40 28
16 3
12 3
40 25
9 9
34 33
4 15
8 12
46 4
39 34
11 32
20 34
20 8
1 39
28 18
35 12
25 1
42 16
13 13
40 5
38 22
43 38
26 43
1 7
1114 157

26 10
112
0 7
2 3
15 3
4 3
10 0
6 7
19 4
2 2
12 1
3 0
23 5
11 6
24 6
23 2
11 6
5 6
23 5
1 0
20 4
23 4
5 7
11 9
14 5
17 7
10 3
3 8
0 2
13 7
4 5
22 8
13 8
22 9
18 9
1 0
8 0
18 3
3 3
24 4
21 7
19 5
2 6
15 5
20 3
1 8
15 9
3 8
3 8
13 9
22 4
14 4
12 5
6 0
7 4
24 3
20 0
11 9
21 9
4 1
15 5
22 5
10 4
2 2
10 3
3 3
11 3
21 7
23 8
5 8
18 8
6 6
21 9
17 7
20 9
24 4
21 9
4 5
19 1
9 0
24 0
16 2
15 8
22 8
25 4
0 6
7 9
16 6
6 6
16 5
18 2
7 7
19 7
7 2
12 3
2 1
21 0
19 1
15 5
21 7
23 8
13 5
13 3
23 4
8 9
18 7
21 4
8 5
6 3
9 9
0 1
4 7
12 7
21 6
1645 25

10 6
115
7 0
5 4
6 3
9 2
6 3
5 1
7 3
7 2
4 4
4 5
3 0
9 1
2 0
2 0
7 5
4 5
2 4
2 2
3 3
5 0
4 3
5 0
1 3
7 3
2 0
5 0
7 5
8 2
9 2
9 2
8 5
1 2
5 4
7 0
6 2
1 4
9 5
1 5
9 3
5 5
7 1
3 0
5 2
4 0
1 1
2 2
9 0
7 2
4 3
3 5
3 4
0 1
2 2
6 4
9 1
8 1
8 1
5 2
8 0
8 0
9 3
7 2
1 4
4 4
9 4
5 1
3 5
5 2
2 2
0 0
2 3
3 3
1 0
3 3
1 2
7 4
4 1
6 1
6 1
4 3
8 0
6 4
2 2
9 2
9 1
6 5
2 0
8 4
9 2
2 0
9 5
2 5
5 0
3 2
2 4
4 1
9 0
8 0
9 0
2 1
8 4
8 4
1 1
6 1
3 1
4 3
5 3
4 1
4 1
8 1
8 1
5 2
3 1
3 4
2 5
1110 21

18 45
92
7 23
8 41
10 34
7 33
6 34
12 10
0 28
5 4
8 5
1 19
1 36
5 29
11 11
13 35
1 8
13 39
6 11
3 2
8 20
4 0
10 30
15 14
7 8
6 42
11 24
1 20
9 38
7 14
2 3
11 1
2 13
8 41
1 35
4 20
2 24
13 16
16 44
5 9
4 9
11 2
0 37
1 35
16 23
16 41
15 30
7 30
2 6
3 35
14 8
13 11
2 6
2 1
11 19
10 38
0 25
1 4
11 7
7 39
5 38
6 33
7 32
2 7
11 35
13 20
11 9
5 30
9 36
16 7
17 21
12 14
3 42
8 15
7 14
6 22
11 15
12 40
15 10
16 32
3 36
14 27
12 35
0 11
17 11
16 3
15 12
14 35
3 44
7 15
8 9
15 17
6 37
5 24
1820 157

19 25
101
15 3
8 10
10 23
11 3
2 20
13 21
17 6
13 5
15 1
18 16
13 11
18 20
8 18
10 15
15 21
17 24
17 6
16 16
16 13
5 21
6 16
4 21
14 20
7 24
16 12
12 16
12 18
9 8
17 8
3 10
2 19
4 2
14 7
12 7
15 19
17 16
8 20
2 1
6 23
11 19
12 2
17 19
18 16
3 3
5 6
5 3
16 2
10 6
7 0
9 19
13 0
15 10
4 2
4 7
2 13
10 19
4 9
0 11
9 6
16 24
7 21
12 11
7 3
10 6
17 3
7 6
12 14
3 14
15 6
5 15
14 20
4 17
10 17
3 24
8 19
11 13
4 2
7 17
15 16
4 8
16 24
1 15
9 2
11 1
10 11
9 23
12 16
12 11
4 20
10 2
9 21
1 11
2 11
15 13
9 4
4 24
2 8
7 9
17 21
13 7
15 10
1233 51

27 45
128
12 23
0 39
6 9
26 15
12 7
21 25
8 32
13 37
5 8
13 30
21 41
7 37
9 10
7 1
23 20
26 28
18 25
3 11
24 17
7 40
17 9
19 43
9 5
13 0
25 10
12 43
12 14
24 28
14 2
6 12
24 44
26 40
12 39
3 3
6 39
13 2
7 37
4 19
20 29
6 31
23 1
22 41
26 33
13 44
5 0
3 29
1 33
20 4
4 5
22 14
22 28
6 9
11 25
0 15
5 18
5 22
2 25
10 7
26 34
10 3
16 38
4 8
20 43
9 42
10 44
21 1
23 41
11 2
11 23
6 9
2 14
25 21
16 15
7 3
9 12
1 42
8 1
10 38
9 25
20 14
1 22
15 3
14 39
4 2
25 9
4 37
3 13
21 10
17 26
8 24
17 3
3 44
16 26
21 43
18 12
18 29
8 25
4 5
12 12
15 15
21 24
25 43
21 26
0 12
8 42
17 4
22 39
9 0
9 16
3 41
24 9
25 9
1 24
21 42
19 22
3 28
21 4
10 4
9 10
25 27
17 14
13 15
10 15
1 13
21 15
19 4
13 16
18 43
372 76
