15

10 19
31
6 16
1 10
9 7
2 1
7 2
3 18
3 15
1 18
0 16
0 8
5 16
4 8
7 0
2 11
7 15
6 12
8 2
6 9
8 16
6 2
1 5
3 14
7 18
6 13
2 9
1 17
5 6
5 2
2 14
4 4
9 3
15 4

14 8
40
7 3
10 6
1 4
13 1
8 2
6 5
3 2
3 1
12 7
8 5
9 2
4 1
1 0
2 0
2 6
9 4
1 6
7 0
7 1
9 0
11 4
5 1
13 7
7 7
6 4
8 3
1 7
1 3
7 5
10 2
3 0
4 0
4 4
5 0
0 7
12 2
8 6
10 7
1 2
2 4
16 5

13 10
14
5 5
1 8
11 9
3 7
7 3
10 5
3 4
4 8
1 9
2 8
2 1
12 9
9 7
0 9
11 3

5 14
17
2 12
3 9
1 10
0 0
2 4
4 13
0 11
2 0
2 2
1 13
4 2
0 3
0 13
0 7
4 10
1 5
3 4
17 5

1 4
2
0 3
0 1
20 5

10 24
119
6 17
6 21
4 20
1 15
1 22
2 22
3 0
9 10
7 16
8 16
4 10
9 18
3 15
2 9
3 12
6 8
7 15
7 7
0 11
4 15
8 18
5 20
3 7
0 18
1 13
8 20
7 1
5 18
4 18
1 20
5 11
2 13
9 17
2 11
7 6
0 1
4 14
1 8
6 6
5 3
0 23
1 2
5 2
3 6
6 20
5 22
1 16
4 16
9 23
1 7
2 4
6 2
9 0
0 15
2 16
4 9
0 12
6 10
5 8
9 16
3 22
4 17
2 3
9 11
3 5
2 1
9 19
6 7
6 15
5 10
1 19
1 0
8 1
8 19
4 21
2 19
3 8
4 0
1 9
1 6
3 17
8 14
9 9
4 5
7 21
8 6
5 12
4 12
8 8
9 1
3 10
9 7
7 11
3 21
6 4
2 23
6 16
9 14
0 10
6 18
5 0
2 10
5 5
3 19
1 3
7 12
2 14
1 11
4 23
5 4
7 22
1 4
1 18
1 5
8 15
3 20
7 3
3 1
2 0
9 4

7 23
28
1 21
5 15
3 0
0 8
1 12
6 15
1 14
4 5
3 16
3 8
1 8
3 4
6 2
6 6
1 4
2 4
2 15
0 18
6 14
5 19
6 8
4 9
4 7
1 19
0 0
6 10
1 22
2 8
8 5

9 22
66
2 14
8 20
2 6
6 16
4 16
8 11
1 9
3 3
6 10
5 15
5 8
3 11
3 21
4 20
1 15
7 20
7 18
0 21
2 13
0 4
5 1
7 16
2 15
6 13
6 11
4 18
8 15
6 4
5 20
4 7
8 1
3 7
8 8
0 11
4 10
0 3
5 17
6 3
4 17
5 18
0 8
0 0
8 13
4 9
4 15
1 21
8 6
7 12
7 6
1 20
1 7
4 3
1 11
8 4
3 10
4 11
3 2
6 6
5 10
7 13
3 14
5 9
5 5
0 12
1 18
7 21
9 4

3 18
19
2 17
1 14
2 16
2 10
0 7
1 7
1 0
2 8
0 6
2 6
1 11
0 13
0 1
1 3
1 5
0 14
2 7
0 3
0 10
18 4

4 10
2
3 8
0 8
8 3

13 24
75
11 18
9 12
11 8
1 13
6 0
9 6
1 20
5 13
10 1
0 14
4 10
11 17
7 11
10 22
1 7
11 7
1 19
12 12
0 2
10 19
0 6
8 3
3 10
6 7
9 0
10 7
2 3
11 11
9 22
5 19
11 6
11 20
0 8
6 3
6 16
12 7
2 5
2 22
10 0
0 9
4 12
1 18
4 3
2 17
11 19
12 1
5 22
0 16
12 4
0 13
8 15
8 16
2 15
5 14
5 7
9 15
8 5
0 11
10 3
7 18
6 9
0 3
8 1
11 15
1 9
4 4
3 8
1 8
12 2
9 23
6 14
9 8
12 15
3 18
7 5
11 4

14 25
113
5 21
7 0
10 5
5 17
9 17
9 7
11 9
13 16
9 18
13 23
3 24
12 0
5 3
11 23
8 17
7 5
6 1
3 22
8 3
6 24
7 14
2 20
9 13
0 19
9 16
0 9
12 3
9 15
11 0
3 20
0 10
0 14
9 0
5 7
11 20
1 4
11 18
8 6
10 0
10 7
9 4
8 10
12 17
11 1
11 19
12 2
1 6
12 15
4 3
5 1
1 3
10 17
9 1
6 23
3 4
4 23
4 13
7 2
1 12
2 3
4 24
0 15
1 15
12 21
9 11
10 2
5 0
9 21
8 9
9 3
9 19
0 0
0 23
7 10
8 19
13 9
5 6
2 11
11 5
0 18
1 2
10 18
7 9
11 22
11 16
13 2
11 10
7 4
8 22
6 20
6 10
0 2
6 0
7 15
0 22
7 1
10 24
10 10
9 14
11 14
9 5
10 4
0 8
5 11
12 12
4 0
3 18
7 24
3 2
6 6
3 9
5 18
3 0
8 3

15 22
10
5 4
2 2
11 17
11 0
1 21
10 5
9 7
3 11
5 14
11 12
9 5

5 3
6
3 1
2 2
1 0
4 2
3 0
4 1
18 4

3 25
21
1 11
2 20
1 17
2 6
2 17
2 22
0 4
1 18
0 2
1 24
2 9
1 16
0 22
2 4
2 8
1 13
0 14
1 14
2 15
1 8
2 3
15 4
