15

37 7
56
14 0
8 3
0 0
17 4
22 0
2 4
19 3
19 1
8 2
7 5
5 0
33 0
12 4
25 3
8 2
28 4
16 0
3 6
27 3
33 6
16 2
1 1
13 0
8 2
6 2
31 4
26 3
9 1
10 3
2 1
2 3
11 2
10 5
20 5
28 5
24 0
6 6
28 4
26 0
5 1
26 0
0 4
14 4
4 1
9 3
16 5
32 0
5 3
25 6
7 5
27 2
29 1
26 1
12 5
12 0
23 0
13 1

48 3
127
44 0
44 0
42 2
20 2
5 0
8 0
18 1
12 2
44 1
22 0
30 2
24 2
37 0
46 1
31 2
33 1
0 1
38 1
12 0
7 0
14 2
29 2
16 0
38 2
1 2
35 0
45 0
13 1
10 1
44 2
14 1
35 1
40 1
40 0
17 1
47 1
32 2
28 1
25 2
3 1
41 1
5 1
22 0
20 1
38 0
2 1
40 2
43 0
46 0
36 0
23 0
22 1
41 1
0 2
15 0
37 0
46 2
47 0
12 2
10 0
47 1
12 0
25 1
31 0
17 2
2 1
16 1
38 2
44 0
1 0
47 1
5 0
4 0
4 0
25 0
2 1
5 2
19 1
19 0
16 1
1 0
19 0
36 2
30 2
11 1
43 1
38 1
39 1
2 1
24 0
41 0
31 1
25 1
29 2
45 2
28 1
41 0
31 1
25 0
7 2
18 0
44 2
19 2
4 0
11 0
39 2
46 1
26 0
47 0
35 0
13 2
16 2
47 0
7 0
28 2
28 1
12 2
37 0
27 2
11 2
0 1
1 2
20 2
28 2
30 2
40 0
19 0
13 1

44 46
15
27 40
34 29
23 29
35 36
43 6
3 36
39 42
6 24
13 11
28 20
22 11
15 44
38 39
25 22
42 26
7 1

17 43
40
1 18
6 35
11 32
14 11
12 3
2 15
12 15
13 8
16 36
12 23
9 27
10 20
8 8
8 23
8 3
1 20
10 41
12 13
13 36
11 23
11 1
3 35
13 8
1 42
3 2
7 12
5 22
5 9
3 34
7 10
7 15
15 10
6 13
5 42
9 23
12 25
2 28
4 36
8 37
4 11
14 1

13 10
186
9 0
10 9
7 7
4 6
10 1
7 9
11 2
0 9
11 6
11 1
4 9
7 2
11 0
10 8
0 9
8 6
0 2
2 2
2 2
4 3
6 7
6 0
2 5
11 6
3 1
1 7
6 2
10 6
1 6
0 4
1 9
5 9
10 3
7 6
12 3
2 1
0 6
5 2
7 7
1 0
12 5
5 0
9 1
2 9
3 8
0 0
3 6
5 6
1 4
1 2
12 8
11 6
5 3
6 7
11 2
3 4
9 0
6 6
5 3
1 6
2 5
7 9
5 3
5 7
2 9
6 8
1 4
3 5
0 2
5 4
3 3
0 6
12 0
3 9
7 2
10 4
10 0
4 3
0 1
11 6
12 6
5 3
6 3
7 6
0 2
9 0
4 6
12 2
10 8
9 2
12 2
4 0
9 6
0 7
3 3
7 9
1 1
9 3
3 7
10 6
11 9
10 2
8 3
7 3
10 3
4 1
10 3
7 9
3 7
1 4
1 7
10 1
10 0
7 8
4 8
10 2
3 8
5 7
8 7
7 4
7 1
4 1
8 0
12 5
8 7
4 7
5 4
4 7
0 3
5 2
2 3
1 2
3 6
3 8
4 1
8 1
12 3
2 9
1 5
9 7
10 7
12 0
9 8
8 1
7 0
0 2
9 5
0 7
5 2
6 2
1 1
4 2
6 6
11 0
12 1
8 4
7 6
9 5
5 1
7 8
0 1
12 2
11 9
10 2
5 5
6 8
8 7
7 6
8 9
5 9
0 8
11 5
10 2
9 9
5 4
11 9
12 7
0 7
11 7
8 2
5 1
9 8
5 2
10 1
11 1
7 1
6 1

24 42
150
15 41
9 28
14 13
23 16
4 9
22 4
0 29
12 6
2 25
7 33
18 4
22 6
22 13
14 6
15 31
8 19
7 27
16 16
9 5
18 6
8 1
15 19
15 19
13 10
22 38
19 22
19 33
5 21
19 11
16 31
18 13
21 2
5 3
4 18
10 13
10 10
20 0
2 19
8 13
14 32
5 10
9 13
16 20
7 31
1 24
18 39
2 12
3 22
5 35
17 20
5 18
3 13
21 17
14 26
4 13
2 40
19 6
20 3
14 24
14 26
9 27
9 33
17 12
20 15
21 19
2 2
3 6
10 13
1 10
1 21
22 8
19 40
1 3
11 11
20 2
18 31
2 26
14 12
18 28
15 4
1 26
22 40
10 21
15 25
15 5
9 6
6 29
10 23
9 28
0 1
0 32
21 32
4 37
2 5
2 18
9 35
16 6
8 15
7 15
9 12
6 7
23 23
23 27
18 23
6 19
17 4
4 10
2 11
10 1
19 34
9 30
21 33
3 1
13 37
7 1
15 41
4 35
17 16
11 38
0 15
16 36
6 7
6 17
0 22
11 22
0 28
3 7
11 15
4 0
20 5
3 1
9 11
16 35
23 40
2 33
5 2
23 14
7 4
12 24
1 20
9 13
23 8
17 30
3 12
16 6
14 30
18 14
1 8
21 6
10 0
10 1

30 45
75
20 8
11 3
9 35
12 8
12 44
29 20
19 0
17 37
21 24
14 17
10 15
9 11
10 32
20 17
17 29
25 23
26 28
23 30
12 23
26 6
26 28
8 31
4 3
27 36
13 34
25 8
29 39
4 26
19 8
24 5
8 27
0 15
4 2
6 2
25 36
25 19
4 12
1 43
4 29
24 28
20 31
27 28
19 31
23 6
24 30
25 28
10 8
24 10
13 8
16 24
10 35
9 3
12 7
23 27
27 11
13 31
10 2
23 23
25 27
5 17
13 44
6 20
29 9
26 10
5 23
10 39
12 6
27 42
7 27
15 20
17 33
21 2
17 42
21 17
12 27
13 1

8 49
149
6 41
6 36
5 2
0 30
7 32
2 16
1 39
4 11
1 20
0 27
4 7
3 21
7 21
1 21
2 4
3 15
6 30
0 17
2 1
2 20
4 5
2 10
2 27
0 8
6 21
4 20
4 33
5 0
7 42
7 41
2 31
2 39
0 13
3 16
6 4
2 7
5 47
1 5
4 34
2 35
4 15
7 22
5 2
2 25
0 30
6 37
4 20
5 39
4 24
2 16
4 1
0 16
6 11
0 8
4 44
1 4
0 1
7 10
3 9
6 31
1 2
5 0
6 15
0 45
6 23
6 22
5 16
6 36
1 27
3 39
3 32
4 18
0 21
4 7
3 21
2 25
3 3
4 20
7 17
0 0
3 9
7 30
2 17
7 8
7 7
6 42
7 29
6 21
6 25
1 23
3 8
5 15
7 7
1 21
4 3
5 9
7 33
7 31
2 43
3 34
3 19
7 46
0 11
2 11
3 16
1 3
5 27
4 29
4 21
3 10
3 25
4 20
6 31
5 1
2 34
4 35
1 3
2 30
7 13
0 10
2 39
6 5
1 46
5 15
0 44
2 15
6 9
2 25
2 3
2 29
4 23
0 9
2 42
7 31
5 43
7 8
5 28
5 26
1 4
7 29
7 30
7 8
2 26
2 6
6 0
4 28
7 24
1 45
3 18
7 1

14 19
17
5 8
7 3
7 5
10 17
1 18
6 12
5 4
13 3
7 11
4 12
1 5
2 6
3 10
5 7
10 0
2 2
13 2
13 1

45 38
90
27 31
19 17
22 19
34 15
35 12
1 21
38 32
39 19
38 18
44 20
42 16
41 10
30 11
25 35
34 24
0 2
24 5
6 34
21 21
15 17
25 35
29 7
13 32
3 10
25 36
37 10
24 21
7 33
20 33
4 2
18 28
41 21
43 25
38 12
23 19
38 0
40 8
4 4
17 1
42 34
28 29
11 20
27 15
41 2
40 28
40 29
0 16
24 24
17 12
12 28
38 10
11 5
37 16
5 11
9 6
5 9
43 1
31 21
35 9
38 12
4 24
40 7
10 2
20 35
43 15
2 14
6 8
40 29
1 13
35 21
36 11
2 24
25 10
16 6
38 4
41 11
9 31
44 15
6 0
15 15
19 19
2 4
40 0
32 18
13 36
38 34
4 6
6 13
42 20
14 8
10 1

48 17
82
31 9
26 1
22 7
11 6
21 13
40 5
46 2
10 12
19 2
20 8
27 0
4 3
8 6
27 0
25 0
36 5
4 13
4 15
23 9
31 2
19 13
15 1
47 0
38 3
28 16
43 5
3 1
17 9
35 1
19 0
33 6
15 6
22 13
4 13
14 5
17 1
33 11
47 15
45 5
22 11
3 0
15 0
2 7
11 5
11 0
2 16
5 1
14 15
42 10
44 9
45 15
41 16
47 4
12 16
39 1
27 15
45 10
45 9
45 7
36 11
21 16
3 9
26 1
23 9
40 0
45 16
3 0
45 12
11 11
6 14
45 13
32 4
35 3
21 0
25 14
36 4
24 14
17 15
7 7
46 9
28 2
35 0
8 1

33 32
192
9 18
31 18
8 23
5 21
19 26
23 7
26 11
32 0
29 0
11 22
0 25
25 28
30 21
6 12
18 7
13 14
13 11
1 24
26 3
12 24
26 19
27 4
25 15
5 29
18 30
1 14
31 11
9 13
9 23
19 2
6 30
14 6
9 20
32 7
31 6
31 12
26 29
29 6
9 22
8 6
16 3
27 13
3 16
5 8
16 10
28 5
16 31
9 18
25 19
22 3
0 29
20 26
12 31
9 25
7 1
7 19
29 1
0 7
31 2
30 10
18 30
29 27
27 31
20 6
14 9
20 0
17 6
10 10
30 9
26 21
21 18
1 25
18 19
21 3
4 15
30 2
16 8
11 16
15 12
7 5
11 27
24 5
8 19
23 14
4 18
28 30
14 29
3 21
11 12
18 2
27 16
16 25
5 29
23 27
28 20
2 24
29 10
21 12
11 3
18 30
21 24
22 19
31 11
27 31
8 27
26 2
26 23
32 3
12 29
3 13
8 29
28 14
27 8
24 13
21 25
12 17
2 21
27 7
14 2
28 24
12 15
29 23
31 16
10 29
8 22
15 8
15 26
6 6
8 14
1 27
28 1
10 17
28 24
12 22
30 7
32 0
0 15
10 10
1 21
16 7
22 16
5 26
27 7
3 31
21 3
32 1
29 14
3 21
20 17
5 12
28 17
30 14
11 6
3 4
31 20
0 8
23 29
31 30
26 28
3 25
24 23
6 5
30 25
20 10
15 16
23 10
12 20
32 16
16 1
25 9
12 28
22 22
16 26
11 16
30 12
4 26
29 11
11 11
0 6
7 6
15 0
17 0
27 10
16 12
13 5
27 8
1 27
25 18
15 23
30 31
29 4
19 21
11 1

48 29
157
3 9
47 10
4 18
6 5
5 25
0 13
30 8
7 3
46 12
35 2
13 26
24 22
10 10
6 9
11 17
5 19
34 5
31 11
37 3
20 24
37 13
22 9
46 7
30 20
30 17
3 22
23 12
41 14
8 3
39 2
17 8
23 20
23 16
47 0
16 25
7 9
6 17
30 27
31 6
46 0
10 6
3 3
17 25
13 23
44 20
3 12
6 21
9 6
34 16
15 5
31 12
21 18
3 6
37 25
8 16
18 24
30 24
28 19
45 0
24 28
46 28
12 7
8 3
25 8
38 2
13 4
4 16
32 22
35 13
25 20
37 13
9 7
26 16
4 26
41 16
19 22
18 4
9 11
12 10
13 27
15 25
15 12
22 10
32 4
18 7
44 20
37 15
11 7
27 6
46 9
10 24
31 24
45 10
8 23
29 14
5 20
12 9
11 10
14 12
34 13
8 2
28 9
28 14
26 12
34 6
6 21
28 15
18 16
5 5
24 19
13 24
14 21
44 6
34 2
10 11
39 8
38 14
20 14
13 20
9 25
20 16
41 13
36 27
36 5
20 0
11 27
14 9
6 24
44 2
35 20
11 25
28 22
47 26
19 6
13 5
37 10
13 6
27 21
42 11
34 19
17 19
23 21
8 2
8 6
41 0
23 24
8 23
21 28
17 0
18 1
47 13
8 7
9 14
35 0
10 15
32 6
18 20
10 1

42 11
128
22 9
33 3
30 7
19 5
18 0
20 8
0 6
6 3
13 5
23 9
8 2
17 6
41 6
24 10
24 8
2 8
25 2
23 1
32 1
1 6
11 4
38 9
41 6
30 2
13 0
5 4
36 6
9 9
26 8
24 2
31 3
14 6
38 3
8 10
40 4
36 9
40 5
32 2
2 4
1 6
4 3
5 2
38 6
10 5
39 3
6 8
6 10
31 4
4 9
26 9
3 1
10 5
11 1
0 5
6 2
8 8
39 2
24 3
5 9
31 6
17 8
41 8
18 3
25 2
17 3
11 5
23 5
12 7
27 2
13 2
13 8
26 10
28 8
23 8
27 4
30 0
0 7
14 9
4 0
14 5
8 4
13 7
38 8
23 0
8 6
27 1
13 3
31 1
14 1
35 4
28 1
15 1
27 0
36 8
26 6
24 1
40 1
11 0
12 3
4 6
37 6
30 1
17 1
29 1
5 3
32 5
18 6
18 4
12 6
15 7
9 1
18 2
11 8
17 1
14 4
31 5
27 1
30 5
24 5
19 5
2 2
39 3
0 7
7 7
33 3
36 1
31 9
28 5
11 1

25 43
165
10 20
24 5
8 9
6 12
3 24
3 38
24 24
17 20
16 35
22 23
6 17
1 28
4 14
22 21
10 3
4 10
1 30
11 1
11 5
3 2
0 35
20 18
16 7
5 21
12 28
3 0
8 38
23 10
12 6
3 11
24 13
17 42
11 0
22 27
7 26
14 38
16 14
20 33
24 24
21 5
1 21
9 37
12 37
1 36
6 21
6 6
17 29
4 2
16 8
7 4
16 25
10 36
9 11
1 16
18 11
3 15
9 12
18 17
11 17
21 25
21 0
21 38
0 18
19 1
4 26
1 14
7 17
24 42
19 30
12 2
21 41
9 20
6 20
8 24
13 8
4 38
7 7
0 39
17 37
14 25
23 10
2 6
4 22
4 13
7 16
13 4
14 13
20 41
22 30
24 14
3 4
3 16
23 40
4 33
14 23
19 15
8 39
19 25
17 20
24 14
19 19
4 38
13 8
13 2
18 2
11 35
20 37
18 25
4 1
24 5
8 5
7 7
17 28
22 6
2 17
10 41
21 38
13 39
1 9
22 41
14 16
18 36
23 2
12 0
17 30
20 12
21 10
19 23
18 14
12 26
8 12
9 4
23 38
0 35
0 41
5 41
8 20
11 7
16 33
14 30
24 29
21 11
2 14
16 6
16 15
23 9
11 17
9 6
16 15
16 24
2 23
2 10
18 29
5 13
6 5
14 34
0 6
8 24
11 27
14 2
18 33
9 27
20 3
18 26
10 3
5 1
