11

20 20
50
17 14
18 5
1 13
19 7
18 2
14 3
11 19
1 17
14 2
17 1
0 11
19 3
3 19
19 1
8 8
13 15
12 0
8 4
9 19
9 13
10 13
3 9
5 6
1 13
6 10
7 3
15 2
2 6
17 18
19 18
2 6
16 6
18 1
13 15
11 13
2 3
15 13
17 12
2 10
15 1
5 19
9 11
17 14
9 11
7 12
5 6
3 10
12 3
6 15
17 17
20 1

20 20
50
13 6
6 17
1 17
0 10
8 2
0 8
8 16
15 13
16 2
18 18
14 6
4 12
9 11
6 11
15 0
7 14
17 10
5 3
17 7
9 13
1 19
13 2
18 15
13 12
19 13
17 6
13 11
13 2
16 17
1 3
1 0
9 10
11 5
18 10
15 12
3 10
11 14
6 17
14 7
16 3
3 2
12 7
5 12
8 0
9 4
6 2
0 9
17 11
2 9
1 0
20 1

20 20
50
12 14
16 11
16 19
4 7
13 10
5 1
9 1
3 8
6 7
5 9
11 0
11 3
17 13
7 14
13 0
1 13
14 13
19 6
13 4
15 16
12 2
9 6
5 5
11 9
14 9
15 15
2 1
5 5
0 14
14 15
11 7
7 8
7 7
15 0
17 3
2 8
15 5
1 2
11 4
0 14
6 13
12 18
0 15
2 0
5 9
10 12
10 6
14 15
17 5
18 17
20 1

20 20
50
9 10
15 7
4 9
7 13
10 5
17 0
12 5
5 9
12 2
6 18
19 3
15 1
7 6
8 10
10 16
14 12
4 15
17 12
2 0
8 13
5 13
3 1
4 5
11 12
18 6
8 6
10 14
8 8
3 6
12 18
18 18
12 17
6 7
6 12
10 2
4 6
17 1
18 2
1 1
19 6
19 10
4 19
0 4
2 0
2 16
4 9
11 9
16 7
5 17
11 7
20 1

20 20
50
1 11
3 14
16 4
8 16
11 2
11 0
10 17
17 15
13 7
8 19
3 6
19 4
15 10
3 19
9 19
4 16
7 3
17 3
7 17
1 10
17 7
19 6
16 12
11 13
12 9
2 8
9 12
9 13
13 8
5 1
6 19
5 8
1 7
18 19
12 19
0 7
16 2
15 2
13 15
17 16
15 13
16 16
14 17
19 10
9 4
0 6
2 3
7 0
19 17
7 7
20 1

20 20
50
2 1
6 3
15 2
15 15
18 14
1 2
7 5
17 12
18 10
16 4
3 8
3 10
4 2
4 13
7 12
0 17
14 0
11 4
17 19
3 18
1 6
19 16
2 7
4 19
18 11
14 7
8 2
7 17
17 5
14 6
14 8
5 13
10 1
1 10
8 12
5 16
19 1
11 11
10 17
1 19
5 6
18 8
8 16
2 4
3 15
15 2
10 0
18 7
8 12
6 17
20 1

20 20
50
14 4
18 17
2 12
16 10
3 9
7 0
18 19
12 15
8 7
5 17
7 15
12 7
10 4
13 19
5 4
9 18
17 6
19 10
0 12
7 17
15 4
9 6
11 16
16 0
6 6
17 10
4 13
12 11
2 14
5 2
2 15
5 13
1 1
5 3
12 12
15 9
0 0
10 15
18 10
4 8
5 2
15 5
0 12
16 14
16 8
10 12
18 14
9 0
2 18
5 12
20 1

20 20
50
7 5
1 18
17 16
13 3
10 13
15 15
0 2
18 4
2 14
2 17
10 2
0 0
18 6
10 14
0 7
17 6
5 18
8 10
3 7
12 9
11 11
13 4
3 5
18 0
13 15
13 2
2 1
11 15
7 13
0 7
1 1
7 13
4 6
1 0
5 17
11 8
3 4
14 15
13 11
8 17
13 19
4 9
9 1
10 7
2 17
0 19
18 6
16 8
10 13
8 1
20 1

20 20
50
2 11
6 8
15 18
14 9
14 7
3 12
2 5
6 5
10 16
12 18
15 13
7 9
0 8
10 12
1 15
12 6
13 16
9 11
15 10
4 15
17 5
6 4
13 9
16 13
12 8
18 13
0 14
1 14
11 14
18 11
0 11
2 10
3 17
3 1
8 5
16 12
6 15
9 7
0 3
16 14
9 1
17 5
0 0
19 10
4 9
7 2
12 19
15 2
19 11
0 0
20 1

20 20
50
2 1
16 14
9 17
14 10
8 5
15 3
9 4
0 13
10 11
9 1
8 10
15 5
9 13
18 16
14 0
18 16
16 11
9 6
17 4
6 19
6 8
8 16
9 13
13 0
11 8
16 11
14 10
16 19
8 12
16 9
11 6
14 14
10 18
19 5
4 1
17 3
8 1
0 6
14 7
13 19
18 13
7 5
15 19
19 0
0 7
9 11
9 15
10 19
9 8
4 0
20 1

20 20
50
12 19
18 13
19 12
9 14
14 18
0 19
15 0
9 4
18 7
8 11
8 16
7 8
5 6
14 10
3 11
7 17
7 7
6 16
1 10
19 14
1 14
17 7
6 9
17 2
14 8
5 9
5 5
16 16
10 4
3 13
17 10
17 8
11 11
9 19
13 3
15 18
12 7
11 15
18 5
7 12
3 12
6 3
11 12
7 7
17 17
6 8
1 11
18 8
7 1
3 0
20 1
