10

31 29
1
5 2
5 2

4 34
110
0 4
2 16
1 27
1 24
1 19
1 15
1 6
3 28
2 14
0 1
3 0
0 21
2 28
1 23
3 27
0 32
0 1
3 4
0 28
3 13
2 20
0 32
0 7
0 10
2 20
3 6
2 31
0 10
3 25
2 29
1 17
3 11
0 1
3 8
0 6
2 16
2 1
1 22
0 32
1 8
2 27
3 10
2 21
2 5
1 9
3 33
3 16
2 20
0 8
2 22
3 8
0 15
1 29
3 11
0 19
0 30
0 1
2 21
2 32
3 11
3 8
3 3
2 13
1 23
0 30
1 29
3 2
1 4
1 5
2 20
3 3
1 5
3 4
0 25
2 23
2 12
0 8
2 7
2 25
1 0
3 0
2 19
3 12
0 0
2 4
3 28
0 4
1 4
2 33
2 28
3 27
3 19
3 18
1 17
0 33
1 23
0 18
3 0
3 31
2 4
2 4
1 15
1 3
2 11
0 6
2 13
0 26
1 8
3 26
1 9
24 3

33 3
91
17 2
14 0
13 2
28 0
12 0
6 1
15 1
5 2
22 0
19 2
19 0
15 2
4 2
21 0
15 1
22 0
23 2
0 0
4 1
8 1
13 1
31 2
1 0
15 2
5 1
8 1
5 0
1 0
25 0
14 0
25 0
4 2
31 1
22 0
22 2
9 2
11 1
20 1
14 2
9 1
19 1
17 0
25 1
0 1
30 1
19 2
9 0
21 0
29 0
9 0
24 1
10 0
8 0
17 2
24 1
13 1
11 2
9 1
27 1
8 0
0 2
1 1
1 1
1 1
11 0
28 1
21 0
21 1
27 0
22 0
17 0
25 0
31 1
14 2
30 0
23 1
1 1
28 1
1 1
28 1
15 1
20 1
0 1
19 1
19 2
19 1
15 2
23 1
3 2
12 0
28 1
16 4

31 10
10
13 9
27 0
9 7
1 0
7 1
16 2
9 5
0 1
1 0
19 0
8 3

26 31
120
24 3
20 7
15 1
0 2
17 25
1 22
11 25
18 0
7 6
12 30
21 7
4 21
11 22
13 27
24 18
19 18
3 10
22 19
24 22
12 5
1 24
1 25
24 22
3 15
0 30
21 28
20 3
21 18
5 5
16 19
18 1
18 2
7 21
25 10
9 11
9 27
23 7
5 13
6 11
10 13
17 20
2 7
13 27
12 25
3 14
15 4
13 2
20 22
24 17
16 10
2 2
7 15
20 6
17 25
17 10
19 27
22 17
23 0
9 8
3 0
24 2
15 12
12 25
4 12
12 24
21 3
25 28
8 16
18 1
4 17
14 21
23 1
4 4
23 24
17 3
12 5
5 20
23 4
23 12
14 1
10 25
9 13
8 28
13 23
11 1
3 25
12 24
10 3
18 18
24 27
1 9
3 21
9 18
2 19
5 14
2 1
1 15
19 2
9 0
2 24
8 18
10 13
7 26
16 3
0 9
23 15
2 23
9 13
6 29
20 8
17 21
6 22
0 27
24 12
16 12
14 14
21 9
9 19
1 13
6 23
13 3

3 5
8
1 0
0 2
1 2
1 1
1 4
2 4
1 0
0 0
8 5

4 30
64
1 4
3 1
0 24
0 19
3 4
2 14
2 2
1 18
1 4
3 17
0 29
0 11
1 25
2 6
2 14
1 0
3 4
3 7
0 12
2 27
0 22
0 14
0 7
1 25
3 21
2 12
0 9
0 23
0 11
0 27
2 17
0 6
1 26
2 28
3 8
1 6
2 29
0 22
3 9
2 2
2 5
3 23
2 4
1 23
0 13
3 29
0 27
0 6
3 11
0 22
2 26
1 20
0 0
1 9
2 20
1 12
3 1
3 25
2 15
2 23
3 18
0 28
2 8
1 28
7 4

33 3
44
13 1
10 2
10 0
19 2
0 2
31 0
4 1
15 1
11 1
2 1
5 2
23 1
20 1
21 0
7 0
4 0
8 2
29 0
1 2
30 0
28 0
16 0
14 1
13 2
4 1
5 2
12 0
19 1
0 0
26 1
18 0
19 0
24 2
22 0
12 1
0 0
6 1
30 2
0 2
26 1
21 1
26 2
9 1
1 1
4 4

18 5
32
13 1
13 3
8 3
13 3
3 2
11 2
13 0
4 4
4 1
9 1
2 1
3 1
12 3
16 2
13 1
9 2
3 2
3 2
1 4
6 3
15 0
17 4
12 1
2 4
17 4
4 0
0 4
5 4
5 2
3 1
3 2
8 0
20 3

3 5
9
2 1
2 4
2 2
2 1
1 2
0 4
0 3
0 3
2 0
21 5
