15

8 13
96
3 9
3 7
3 10
7 2
7 10
2 7
3 10
6 3
6 12
1 4
5 3
7 7
3 10
3 11
6 11
6 1
6 12
4 4
6 11
7 7
1 9
3 3
2 7
1 8
3 12
3 7
2 11
7 1
1 6
4 7
3 1
4 2
4 7
6 8
3 9
1 3
7 1
6 12
6 9
5 9
7 1
6 4
2 3
4 11
1 6
5 10
7 7
5 6
1 8
1 8
4 6
2 2
1 10
1 2
1 3
3 5
3 12
7 7
1 4
3 11
4 5
2 8
3 11
5 9
6 11
1 7
3 7
2 8
6 8
4 5
2 11
7 7
3 1
4 2
6 5
7 3
1 6
3 12
7 9
2 11
1 1
4 2
5 9
7 7
5 4
7 9
7 2
2 2
3 2
4 9
7 3
4 12
1 6
1 9
4 3
2 11
30 9

8 18
123
3 3
1 13
2 5
3 16
2 6
4 8
5 4
6 3
4 1
5 15
5 4
7 6
5 11
2 4
7 16
5 11
7 12
2 10
1 12
3 12
4 6
6 5
3 13
7 6
4 3
7 9
5 7
2 15
2 5
4 16
3 14
5 10
4 9
4 16
6 2
4 17
2 10
4 4
2 15
4 17
2 16
3 8
4 11
3 10
6 9
4 8
6 10
3 16
5 14
7 2
2 10
3 12
4 11
6 13
6 14
3 16
1 11
5 9
2 17
2 5
5 7
3 7
5 14
5 1
5 7
5 13
4 13
4 10
6 10
2 8
2 11
7 7
3 11
2 8
5 11
4 15
4 5
2 17
1 7
1 17
3 4
2 10
1 3
5 6
6 2
3 9
6 10
6 6
5 12
4 14
5 10
7 1
4 6
6 10
1 14
6 7
6 9
4 11
4 1
6 7
5 16
2 10
4 15
6 10
1 9
4 9
5 2
7 2
5 3
5 11
3 9
1 11
4 9
6 14
5 13
6 4
2 9
6 7
5 12
1 17
4 6
5 2
7 3
17 8

8 17
32
5 13
4 9
7 4
3 3
2 13
5 1
4 5
1 4
2 6
2 8
1 12
1 12
5 12
4 9
2 14
2 2
4 16
6 8
4 11
1 9
1 13
6 8
2 4
4 10
2 11
4 3
5 8
5 11
7 15
1 10
2 7
1 5
5 9

13 15
138
3 3
4 3
12 4
6 11
11 3
8 6
2 8
12 9
2 2
7 5
8 1
4 11
10 6
1 6
1 7
1 11
4 14
11 1
8 7
8 5
12 6
1 2
6 1
6 11
6 14
1 6
11 12
9 2
2 2
10 12
10 3
8 11
4 12
12 7
10 11
4 2
12 7
4 8
5 14
10 8
1 10
2 2
5 14
10 7
6 8
10 6
11 6
9 8
8 14
4 11
8 8
1 13
5 10
4 3
12 6
4 5
4 1
8 3
12 5
5 7
5 11
6 12
4 10
2 2
3 2
9 7
5 1
1 6
2 1
5 8
12 1
6 2
4 14
7 13
2 2
5 10
4 5
3 6
2 14
3 5
8 11
4 14
4 3
12 11
1 10
7 12
6 5
9 1
9 12
6 6
9 10
12 7
7 13
12 5
2 11
2 12
7 8
10 5
5 13
9 10
12 13
3 7
9 8
7 7
11 10
12 5
9 3
5 14
10 8
8 10
2 4
9 13
4 12
9 11
10 5
3 10
8 7
10 9
10 6
6 2
11 9
7 2
11 8
12 7
12 8
4 4
12 5
2 14
9 8
9 1
8 8
4 2
8 1
11 6
4 10
2 11
12 12
11 1
27 9

26 24
80
19 11
8 5
22 14
7 1
12 6
23 1
13 18
6 3
11 7
9 16
7 14
17 8
1 20
22 7
23 15
5 20
14 22
16 23
12 7
19 13
9 1
14 21
6 12
25 19
10 3
9 19
4 1
24 3
21 13
13 9
20 2
15 3
18 3
21 1
5 9
21 22
23 14
16 3
25 15
3 5
21 20
7 6
8 7
8 14
7 16
3 13
5 19
13 20
24 10
1 21
14 18
8 6
6 7
9 14
9 18
17 15
2 1
10 18
1 5
4 12
9 3
9 15
11 14
22 15
4 19
15 14
6 11
10 22
9 15
24 9
16 9
17 8
23 2
17 20
1 18
16 4
19 21
22 19
7 14
20 3
21 10

13 16
20
12 3
2 4
9 4
12 9
1 15
1 3
2 12
10 13
10 5
9 12
1 1
6 5
1 7
7 14
2 9
1 12
10 1
4 14
10 7
12 2
11 5

13 8
64
7 7
11 6
9 1
7 2
2 5
7 2
7 6
12 6
2 4
12 6
10 2
8 6
6 1
10 1
7 6
11 4
8 4
8 5
8 1
9 2
4 1
1 4
10 7
12 2
9 2
5 7
7 5
8 4
5 7
12 1
10 2
1 5
10 4
4 4
11 1
2 5
6 5
11 6
11 7
1 3
4 3
2 7
2 1
4 3
9 6
5 1
10 4
8 5
8 1
2 2
3 7
7 2
10 5
1 1
2 7
4 7
4 5
6 2
10 4
10 1
8 5
4 3
5 1
5 6
8 4

28 24
156
20 11
10 16
16 21
8 3
10 8
9 9
11 1
7 23
6 15
10 4
24 16
16 23
27 21
25 3
8 13
16 9
8 23
2 8
5 2
17 5
8 7
12 22
9 4
11 11
5 10
14 5
17 8
14 12
19 20
18 18
15 5
1 11
25 4
16 23
17 14
20 6
10 9
10 10
18 10
24 17
18 16
11 12
19 17
26 23
4 9
11 3
25 13
22 14
12 10
22 20
4 20
14 13
2 7
1 15
11 13
20 13
22 20
3 9
18 22
27 23
13 15
7 21
11 1
19 10
4 9
9 22
16 15
22 10
13 1
2 5
18 9
18 20
22 19
17 1
10 17
17 20
27 1
3 11
27 16
23 12
22 20
7 13
16 8
20 13
8 1
26 13
1 13
6 20
18 11
11 16
8 22
9 12
4 2
24 14
1 5
25 12
16 21
24 16
15 11
24 17
6 9
12 22
18 12
8 8
20 12
18 10
18 8
9 6
5 2
3 16
9 23
20 20
23 19
3 17
15 12
4 3
9 11
6 15
2 1
23 11
6 18
4 3
15 5
15 3
14 16
19 10
7 19
1 6
18 5
7 15
17 1
11 9
26 18
25 17
17 17
21 8
27 9
3 7
1 17
12 23
25 23
25 6
6 8
18 19
21 15
7 2
4 18
23 6
19 21
5 18
25 20
3 8
23 12
15 20
27 10
11 17
11 5

27 14
75
5 10
8 12
11 2
26 10
5 2
11 9
23 1
3 11
12 7
13 8
5 9
13 13
14 3
16 9
15 10
5 7
5 6
15 3
9 3
9 2
13 5
13 13
22 9
21 5
21 13
25 10
14 9
20 4
7 10
23 2
14 13
8 1
22 7
8 12
9 5
4 6
11 7
9 9
18 4
17 13
18 10
22 7
26 7
25 3
21 2
23 1
1 11
18 13
24 9
25 3
16 13
21 10
15 13
16 7
7 4
18 3
18 6
15 7
2 7
21 13
16 10
25 8
15 2
9 12
15 9
2 10
15 4
11 9
26 10
12 6
17 9
11 6
24 10
25 8
2 7
28 3

10 7
20
4 6
5 4
5 4
1 5
7 6
9 5
5 6
1 5
1 4
7 1
1 3
6 6
9 3
7 5
5 1
2 1
9 4
5 4
3 3
9 2
3 6

27 14
103
2 4
13 7
13 13
12 9
3 1
17 6
26 9
20 3
26 10
19 12
3 13
24 8
26 13
11 12
12 7
11 2
6 3
19 1
12 3
6 7
1 3
26 3
13 6
16 8
22 8
2 6
26 3
15 7
3 9
4 12
9 1
16 1
14 2
4 13
13 13
12 7
26 12
15 2
17 2
5 8
25 11
21 11
4 11
8 5
1 2
16 13
12 13
20 1
25 9
15 8
4 5
23 3
14 7
25 11
6 8
3 7
17 12
21 12
18 13
22 10
6 10
15 13
2 13
25 2
7 10
14 7
9 9
6 1
20 6
17 12
8 8
3 1
14 5
15 13
23 2
20 1
9 4
15 2
22 4
16 4
10 8
20 1
10 11
9 3
3 13
5 4
1 8
9 5
20 4
24 13
3 5
10 11
3 5
26 1
15 6
7 1
25 13
23 1
8 8
3 11
11 13
14 11
14 10
29 4

27 24
178
25 16
4 23
2 12
16 18
14 9
17 2
11 1
5 14
4 9
12 19
16 6
9 16
11 19
4 4
8 13
18 21
15 4
22 5
6 8
1 21
15 17
24 22
9 7
17 20
16 1
8 17
23 13
5 9
3 9
7 6
21 19
16 4
4 12
23 22
17 23
17 11
8 22
20 20
2 23
6 13
9 20
17 20
6 12
23 12
5 17
22 22
25 12
5 9
19 6
3 23
7 3
2 3
4 4
2 6
21 21
10 6
3 21
7 7
5 12
15 4
8 7
11 4
11 20
14 14
14 21
6 12
15 7
22 4
9 4
1 23
23 17
2 3
5 6
14 3
12 17
23 10
12 13
6 19
12 10
1 15
13 13
16 9
20 2
15 15
17 15
23 4
24 10
13 11
26 19
14 8
2 10
19 6
10 7
26 1
10 7
12 2
9 22
10 21
4 23
17 3
5 18
24 9
8 7
6 1
7 11
5 13
1 1
18 9
24 10
8 10
3 9
2 7
15 15
17 17
23 8
24 1
23 20
26 12
24 13
16 22
4 6
19 3
3 3
10 22
9 18
23 21
1 5
6 6
25 10
1 4
21 13
26 1
16 11
2 5
7 5
10 20
25 2
6 8
22 19
3 23
21 3
14 10
5 17
1 16
5 22
14 12
19 14
3 20
8 13
1 22
12 23
17 22
19 10
15 5
24 8
24 4
7 17
3 3
14 12
13 13
18 17
15 19
23 16
9 7
14 23
22 10
25 15
22 18
8 11
18 2
18 19
19 3
16 20
13 19
19 5
19 13
22 9
5 21
12 2

24 15
194
11 12
2 4
13 4
19 10
6 13
22 13
14 10
15 12
17 5
15 11
23 5
8 6
23 9
9 8
2 2
21 11
5 5
14 12
8 10
18 8
12 9
12 1
5 1
11 12
13 10
18 5
19 6
9 2
18 2
8 8
1 10
2 3
12 9
6 4
4 2
16 14
6 3
1 2
8 1
20 3
22 1
19 14
6 5
15 7
1 1
19 7
13 2
14 10
1 12
1 14
17 3
11 5
23 2
23 12
10 14
23 1
14 5
1 13
2 2
2 5
12 13
22 5
16 1
22 3
16 8
2 13
23 3
19 12
19 9
4 13
21 11
4 11
3 10
21 10
20 12
15 9
12 5
1 9
6 7
16 5
13 3
13 6
20 1
7 13
8 14
1 4
10 12
11 4
4 2
6 7
21 10
11 8
20 6
4 14
10 9
9 5
4 12
16 6
6 13
11 13
2 9
7 10
12 8
16 14
18 5
7 5
8 7
5 4
18 14
15 1
8 2
10 12
23 9
23 5
11 8
12 6
20 6
18 10
13 13
4 14
1 1
22 13
14 5
18 2
21 14
6 12
5 1
10 5
6 13
17 3
12 8
1 1
23 13
11 13
12 11
13 3
22 8
12 3
2 1
7 14
23 10
5 11
7 14
13 5
19 10
17 5
3 2
5 8
17 14
16 1
16 9
3 1
16 4
15 11
1 12
5 11
11 12
18 13
17 5
11 6
12 13
10 12
12 9
21 13
7 12
1 12
2 5
17 4
14 12
8 1
15 4
17 9
8 7
22 5
20 9
23 12
16 1
3 13
1 3
7 1
19 4
21 1
7 10
21 1
8 6
13 14
13 10
12 13
9 5
7 11
12 11
16 14
18 12
10 12
9 9

23 22
136
18 12
21 12
13 5
9 7
22 12
1 11
14 12
14 15
6 6
16 1
19 2
18 11
18 3
9 6
22 15
21 2
14 17
15 5
16 20
13 2
4 3
20 3
13 9
22 6
5 13
9 18
12 13
10 2
22 4
4 4
16 3
4 16
7 1
6 5
15 17
2 11
6 10
10 6
22 13
10 20
2 3
6 4
13 9
5 13
3 20
17 16
10 2
21 5
3 13
5 1
2 5
15 14
8 14
16 6
13 6
16 15
22 13
17 19
19 14
20 18
22 13
13 19
15 5
8 21
9 11
14 13
22 12
15 9
18 7
9 14
16 1
9 19
2 18
4 20
21 2
3 10
3 4
2 5
11 6
10 1
3 19
18 18
12 17
16 16
2 12
10 2
9 9
7 5
22 11
18 13
4 14
1 18
8 8
18 10
9 1
3 18
21 14
20 5
3 8
7 1
15 20
17 9
21 19
14 8
3 8
10 10
10 11
9 1
7 18
18 8
13 20
4 6
7 4
7 10
8 5
4 18
7 3
16 7
14 20
21 9
20 14
2 21
15 8
17 3
11 17
15 9
2 2
7 19
19 8
10 18
13 7
11 10
9 6
20 13
20 13
16 3
2 10

22 9
69
16 7
13 8
13 2
14 6
20 1
14 1
4 1
7 5
4 4
8 8
2 4
10 3
21 7
17 7
20 5
17 3
21 2
5 2
21 7
13 6
20 2
12 4
1 1
8 6
12 2
9 1
17 2
8 2
10 4
1 6
15 7
3 8
2 4
19 2
5 2
14 8
20 8
20 8
15 6
12 4
19 6
14 1
18 6
14 5
9 5
1 7
3 6
20 4
18 2
2 7
14 5
10 3
18 3
11 4
9 7
20 8
9 3
18 7
5 4
3 1
6 6
1 5
19 7
15 8
12 6
2 4
9 2
19 4
20 5
2 5
