5

84 87
28
19 17
31 58
72 18
73 17
19 71
67 86
70 30
78 73
16 65
56 72
9 68
26 5
55 16
19 56
42 12
54 62
51 25
28 37
58 54
81 24
35 77
73 83
44 62
78 86
82 67
8 32
9 80
74 49
32 2

26 85
28
14 35
4 39
11 82
12 65
0 30
16 17
22 14
7 55
15 48
12 58
14 74
7 36
22 14
10 50
4 53
7 17
16 21
6 14
1 50
16 58
11 6
9 82
21 27
22 51
3 75
16 51
1 19
8 19
41 41

32 18
73
11 3
19 9
15 3
0 5
1 6
5 4
11 5
16 10
7 2
29 3
3 0
8 16
27 4
5 6
19 14
5 2
11 13
3 11
16 8
4 1
30 1
28 8
20 6
18 5
16 15
27 17
13 9
16 4
7 17
28 5
15 12
25 8
27 17
21 3
1 14
28 3
3 6
9 2
4 7
19 17
10 14
8 16
18 12
0 15
13 11
20 2
31 6
23 8
11 10
5 10
6 11
11 2
26 3
2 6
16 7
19 9
4 2
19 8
20 5
15 4
16 4
30 17
18 15
9 13
2 16
9 12
16 16
18 6
9 14
8 6
10 14
21 6
24 0
37 15

100 80
26
68 71
73 11
81 50
33 54
60 3
99 61
99 36
59 13
13 68
90 55
26 66
84 60
90 4
76 22
36 67
45 76
79 18
87 52
48 12
59 9
36 10
42 67
6 21
13 12
21 55
19 39
22 15

40 12
66
27 5
28 11
30 0
18 0
24 10
29 8
1 6
4 4
12 8
10 1
25 2
19 4
2 2
33 2
30 0
30 5
21 3
16 0
35 2
4 11
9 9
16 6
15 4
22 11
4 1
5 5
7 8
13 1
34 6
19 4
2 10
26 8
21 6
28 0
29 4
28 6
18 0
8 1
8 3
13 1
8 6
34 7
26 8
9 8
6 0
37 5
30 7
33 3
17 5
12 6
5 8
36 7
28 9
9 4
20 2
1 0
24 8
27 2
28 4
22 2
17 7
3 11
2 0
3 8
1 11
18 7
27 15
