5

40 6
163
0 0
14 0
33 4
22 2
4 3
39 4
34 4
13 0
2 4
33 5
30 0
33 3
33 2
22 4
19 3
26 0
1 2
36 2
4 2
30 4
37 3
14 3
13 0
33 1
26 5
1 5
11 4
18 0
6 0
20 4
19 1
30 2
23 0
6 0
36 5
20 5
18 5
9 2
15 0
31 5
21 4
2 1
19 4
21 1
12 4
35 3
25 1
3 4
3 0
28 5
31 5
17 3
36 2
25 3
20 3
36 4
1 5
27 0
3 4
22 0
34 5
31 3
35 1
20 4
29 2
30 4
1 3
21 5
25 1
32 3
16 3
7 5
12 4
22 5
27 0
23 3
13 1
25 2
34 1
39 3
29 1
35 5
20 0
12 5
15 5
2 5
18 2
33 4
28 5
5 5
11 1
13 0
28 0
25 2
27 4
37 0
37 2
31 5
0 4
14 0
1 4
31 3
18 4
1 1
31 2
6 2
11 5
19 1
1 2
5 4
4 2
29 3
26 4
10 5
16 4
19 1
24 2
20 5
27 3
34 0
12 2
13 5
4 4
7 1
12 4
18 2
7 3
9 1
19 5
36 4
27 1
29 1
26 2
6 3
15 2
23 1
33 2
35 5
12 2
26 2
6 2
32 3
11 1
31 3
12 1
11 5
3 4
3 5
2 1
34 2
2 1
29 1
38 2
8 2
18 2
19 1
39 3
30 2
5 5
25 1
9 0
9 4
37 4
4 4

14 20
90
5 0
5 6
10 15
0 1
0 9
0 3
12 3
13 2
6 7
2 6
2 4
9 0
13 19
3 5
12 16
4 4
6 17
8 15
9 17
6 11
12 8
12 18
5 19
10 12
4 0
10 14
13 5
8 2
12 3
13 12
13 6
8 8
11 11
5 12
10 3
11 18
1 1
2 6
5 0
4 11
9 8
12 10
13 4
2 13
0 4
4 19
4 6
1 17
13 2
4 17
3 17
1 0
11 7
9 12
0 17
9 13
10 1
13 3
8 19
3 6
3 15
5 17
1 5
5 11
11 9
8 5
10 8
1 17
9 4
5 15
6 17
0 0
4 15
7 16
13 0
4 10
13 12
6 9
13 7
0 16
4 0
5 14
0 11
2 16
13 5
1 17
6 12
5 13
11 13
5 14
4 1

26 34
1
15 4
8 5

15 26
121
6 11
11 25
0 0
8 11
11 8
10 22
8 16
8 8
2 15
10 17
3 11
1 1
2 0
10 8
11 25
3 12
1 21
14 0
0 2
11 1
1 17
7 23
2 11
12 13
12 22
0 19
2 22
13 10
8 22
10 4
13 11
6 8
14 4
7 1
12 25
3 17
8 7
0 25
9 24
14 21
12 20
14 2
7 11
4 16
12 8
4 5
13 11
9 1
1 3
11 23
3 12
4 20
8 8
5 13
8 8
8 3
11 25
13 23
5 21
4 21
1 8
5 25
12 19
3 14
14 7
3 0
5 4
12 14
3 15
0 21
6 12
10 4
0 7
14 23
2 16
7 9
4 22
2 23
2 11
13 15
12 25
2 14
8 11
0 18
0 6
8 2
1 15
2 6
3 9
6 2
11 25
0 4
9 22
1 14
8 15
11 5
8 20
0 19
11 0
12 7
8 4
2 1
0 17
10 19
4 14
7 4
13 9
1 10
10 13
2 16
1 3
0 18
10 17
3 4
1 3
8 25
5 25
3 3
14 11
8 21
13 20
10 7

6 6
113
4 2
2 2
1 1
4 5
0 1
3 4
0 5
3 5
1 0
2 2
1 5
5 0
0 0
1 0
1 0
2 4
0 2
4 5
3 0
5 3
5 2
5 5
5 3
5 4
1 5
1 0
5 0
0 3
4 5
4 4
3 4
2 4
1 4
3 2
5 0
4 4
3 3
2 0
4 1
5 0
4 0
0 1
4 5
5 1
4 3
5 2
5 5
0 0
3 1
1 2
2 5
5 3
2 1
3 1
2 2
5 4
0 3
0 3
2 5
4 1
0 1
1 5
0 5
4 3
0 3
4 2
2 3
5 4
4 3
3 4
3 2
0 2
4 0
5 0
3 1
5 1
2 0
5 0
5 1
1 4
4 5
0 0
0 4
2 2
5 4
4 0
0 5
2 2
3 5
3 5
0 2
0 0
1 5
0 4
0 2
2 4
5 1
2 4
3 5
0 2
3 3
2 1
0 3
4 1
2 5
0 1
5 1
1 0
4 0
3 3
0 3
1 3
2 2
10 10
