7

19 27
58
5 21
14 23
18 23
14 8
13 19
4 9
7 0
6 9
15 1
7 12
18 6
18 24
7 2
8 18
6 5
17 11
9 20
6 18
17 2
0 19
18 11
2 14
18 3
11 2
10 2
11 12
7 13
14 23
13 13
18 11
9 24
2 8
3 11
13 3
14 10
5 17
3 13
17 14
16 0
18 18
10 0
2 4
17 25
1 12
16 16
13 25
18 22
1 10
11 6
5 5
5 19
4 19
2 1
12 23
17 25
6 4
13 6
2 18
7 2

15 26
59
2 23
10 20
2 17
3 3
4 13
0 6
2 3
10 2
3 3
7 23
13 20
0 12
13 21
13 24
14 12
13 15
14 18
14 18
10 21
1 12
14 2
5 6
12 3
1 7
3 23
8 23
11 20
14 0
12 15
9 12
2 11
6 15
10 0
5 20
7 21
2 5
5 6
2 7
4 8
13 2
4 16
11 22
11 18
0 13
13 14
10 9
1 20
2 17
13 12
10 13
3 4
14 25
3 21
14 11
2 7
1 24
7 3
10 4
6 20
7 2

19 11
49
0 5
6 1
0 6
0 3
5 6
14 0
11 3
18 1
13 6
2 5
12 0
13 8
8 8
11 7
10 1
4 2
17 2
2 4
18 8
7 6
8 0
6 2
12 5
2 8
18 0
4 10
7 5
9 4
17 3
17 0
3 10
6 6
13 0
12 4
13 6
7 0
11 0
17 1
16 2
17 0
5 1
8 3
3 6
15 1
11 2
2 2
11 7
14 8
7 6
4 3

27 24
46
20 19
0 19
2 11
16 22
22 15
25 16
23 22
6 15
7 19
6 7
0 3
9 21
7 22
22 11
13 19
22 2
25 7
10 5
9 16
5 0
21 9
7 19
7 15
1 17
2 10
24 19
10 18
25 14
7 19
15 1
20 1
3 16
10 7
3 22
10 10
6 6
11 0
19 1
1 3
20 18
10 7
0 2
26 11
24 10
3 11
22 15
8 4

26 23
63
18 18
10 1
17 9
20 9
22 9
8 16
24 21
5 4
22 1
1 0
1 0
6 21
22 3
0 14
15 4
13 21
10 21
18 8
19 12
18 5
23 12
3 21
22 1
24 17
13 9
20 21
24 17
13 20
14 21
8 4
5 12
9 8
9 2
17 8
17 1
1 8
8 2
3 0
11 10
12 16
24 5
22 2
2 4
6 2
15 2
14 14
1 15
12 6
12 8
16 3
14 9
0 14
5 18
17 9
19 11
6 11
3 14
12 6
5 1
24 5
24 11
19 20
1 9
7 2

15 12
62
7 9
4 10
0 0
6 4
2 10
9 6
5 11
10 7
14 1
9 3
3 8
9 4
1 7
6 7
9 3
2 0
2 6
1 1
12 7
11 6
10 1
13 8
9 9
14 8
0 0
9 9
12 8
12 2
0 5
10 9
7 10
7 5
5 1
0 4
0 11
3 1
3 10
12 9
5 4
10 4
2 9
11 9
13 0
1 7
0 3
8 9
5 9
5 1
11 2
5 3
4 9
12 9
11 6
8 2
5 7
13 4
0 11
1 4
9 2
1 7
11 5
12 3
7 1

27 28
51
5 5
13 26
3 27
17 1
16 13
0 1
17 14
4 12
1 21
25 24
17 9
6 26
19 18
26 3
19 8
5 17
0 1
20 25
2 26
8 19
13 6
12 4
8 23
19 7
8 18
25 2
21 25
19 17
11 19
16 7
1 25
24 25
8 5
18 13
3 26
14 2
22 14
20 25
24 27
25 2
14 22
19 24
3 23
4 3
17 10
5 10
10 6
8 20
20 5
8 5
3 12
4 4
