4

3 8
24
1 7
0 1
1 5
2 1
2 2
0 3
2 1
1 0
0 2
1 3
1 3
2 4
0 1
2 3
1 2
1 1
2 5
1 5
2 0
1 7
0 7
1 3
2 2
2 0
247 46

25 12
80
5 11
3 10
16 0
19 8
17 11
3 10
23 1
5 5
6 5
0 6
6 1
22 5
21 9
20 9
15 1
10 0
18 7
21 11
17 8
21 9
1 4
7 4
22 10
1 11
24 0
19 9
16 7
23 10
7 5
5 8
14 6
12 1
20 8
2 10
3 6
10 10
0 5
15 4
13 8
6 4
13 7
9 7
21 7
3 5
9 6
18 9
11 7
10 5
19 9
6 7
21 7
10 11
8 3
23 9
16 6
3 6
2 3
7 5
17 11
20 0
2 11
1 9
1 2
2 6
13 9
10 4
7 8
3 2
19 7
16 3
9 6
3 10
13 3
12 5
18 0
12 1
12 4
1 4
20 2
4 9
338 52

2 25
21
1 14
0 14
1 12
0 10
0 17
0 9
1 20
1 15
1 4
1 13
0 0
1 9
1 17
0 5
1 5
1 5
1 23
1 15
1 1
1 20
1 15
625 22

14 9
116
8 5
1 7
13 2
0 7
11 4
8 1
4 0
4 3
1 0
13 8
4 8
6 6
7 6
10 4
3 1
6 5
12 4
12 0
2 7
7 0
8 7
0 1
5 8
7 7
12 1
10 4
2 1
4 3
0 3
13 4
10 3
5 4
11 5
9 2
0 0
5 2
6 6
4 4
13 4
7 0
5 5
8 8
8 6
0 4
0 7
6 2
2 3
3 8
1 6
5 1
7 1
3 3
9 8
7 1
13 4
8 7
13 2
4 4
8 7
4 0
2 3
8 1
12 6
7 5
6 6
1 6
13 0
9 6
8 0
0 6
2 4
3 5
5 0
11 4
12 5
3 4
13 5
11 3
10 6
5 2
7 8
2 3
10 0
1 6
13 4
2 7
12 2
11 7
9 7
4 8
13 5
10 3
0 0
8 6
2 7
3 2
5 8
13 5
6 6
3 3
7 5
9 8
5 0
5 8
6 1
12 7
7 0
1 6
2 6
10 1
5 2
11 1
7 1
12 6
6 8
13 7
1550 61
