11

14 35
40
3 29
0 24
11 13
8 7
10 5
2 30
4 12
12 18
8 9
12 13
10 32
5 30
11 15
5 7
2 3
7 15
2 11
2 30
3 7
7 30
12 15
2 1
11 15
5 0
9 5
6 19
6 13
6 27
9 6
0 23
6 24
2 24
9 30
4 16
1 26
10 33
7 31
11 32
11 33
11 15
3 1

24 26
55
14 5
23 13
19 10
10 9
5 25
4 12
22 0
15 11
7 7
0 18
1 2
22 0
1 20
4 19
19 16
23 6
12 22
0 12
22 10
16 12
19 2
12 14
3 2
16 7
0 11
1 21
17 15
10 25
17 7
8 13
11 17
5 3
17 6
18 7
4 9
5 13
0 18
11 9
10 23
4 18
8 15
20 18
13 23
18 11
7 0
13 20
23 22
10 10
11 1
10 14
2 10
23 0
3 4
21 7
17 12
4 1

43 22
72
5 3
9 8
37 1
41 15
22 9
29 9
19 18
22 4
35 5
3 1
22 1
27 3
2 17
5 0
20 4
18 12
1 11
19 15
26 19
42 14
11 15
37 13
8 18
27 9
16 12
26 16
11 9
41 4
13 20
32 17
13 5
15 4
19 17
38 5
38 8
18 15
23 0
19 10
5 4
36 7
40 13
17 14
13 2
13 18
0 1
27 16
9 6
16 8
42 20
13 16
0 10
40 8
33 20
26 9
26 3
31 6
20 21
42 5
3 14
21 6
40 0
20 16
22 19
32 4
36 14
30 14
20 10
17 2
34 21
29 21
40 8
3 3
3 1

24 23
63
10 8
18 2
23 21
21 0
23 12
8 7
9 6
13 21
3 8
11 0
7 4
12 20
6 4
23 17
2 7
12 17
0 15
5 13
8 10
18 4
14 19
11 4
12 22
15 18
10 14
16 8
16 1
9 18
20 0
9 7
20 15
0 9
7 10
15 8
9 1
15 1
3 13
9 4
0 22
9 7
18 6
19 9
16 8
16 4
8 14
22 22
16 10
18 18
19 15
13 7
0 22
17 8
20 11
11 0
21 4
23 1
0 5
17 7
5 16
18 5
16 17
20 6
1 10
5 1

54 52
79
52 2
32 48
6 38
0 32
26 25
21 49
39 11
24 33
10 5
0 44
10 7
44 28
45 46
35 13
40 47
47 2
24 21
5 43
45 10
51 35
33 6
42 26
31 36
17 49
23 26
38 49
51 30
15 36
24 8
29 28
40 40
30 32
20 36
33 22
47 0
6 37
9 18
51 40
36 34
30 10
24 20
21 13
6 29
32 45
40 32
38 17
19 3
18 1
15 33
3 9
9 34
40 1
8 12
13 24
13 0
7 43
18 50
18 47
16 31
48 28
34 47
29 48
50 38
8 10
9 13
47 37
47 4
21 12
5 50
1 30
14 18
3 49
26 40
38 9
17 23
14 25
48 14
42 14
51 46
4 1

24 22
53
20 15
11 5
7 11
8 9
15 5
11 7
18 8
15 16
6 19
15 9
23 17
14 16
1 1
16 4
5 19
23 9
7 16
19 11
18 6
15 20
9 9
18 8
14 8
19 2
4 6
1 3
1 7
4 8
17 12
10 8
5 15
1 9
23 17
4 17
20 18
19 15
23 10
3 15
2 18
15 21
0 14
12 12
11 3
1 12
6 6
18 6
0 17
13 20
9 17
17 0
2 0
21 3
3 11
3 1

14 27
47
7 8
12 19
3 16
9 7
1 7
1 14
3 19
8 14
5 2
1 17
5 14
5 23
8 4
0 21
0 21
8 15
2 4
11 16
8 24
1 17
10 20
5 21
5 20
12 17
12 15
10 3
2 3
8 23
4 16
9 7
3 22
1 9
6 18
11 2
2 14
11 5
3 11
5 13
2 18
6 23
10 12
2 1
10 14
1 1
8 25
13 23
11 9
4 1

37 34
32
20 23
31 13
32 26
1 17
9 17
18 20
2 6
8 19
25 14
7 33
3 28
32 16
22 22
2 7
22 30
25 18
32 21
21 18
16 25
26 5
36 9
5 0
30 9
9 12
3 27
31 26
11 5
34 31
33 10
15 28
11 30
9 7
4 1

56 40
68
4 19
31 29
10 17
1 19
6 14
30 9
39 16
54 27
1 35
54 32
46 22
50 6
33 6
20 11
32 28
28 32
19 14
37 6
18 26
17 3
41 35
34 31
37 22
10 12
2 31
29 0
15 36
39 22
40 29
34 6
1 14
21 7
10 9
50 13
46 7
41 6
40 0
55 37
17 37
55 28
38 29
4 34
41 33
17 8
55 15
21 26
21 18
19 37
10 8
52 25
32 12
0 29
51 2
6 35
19 21
12 38
11 33
31 15
6 24
42 29
35 1
47 38
53 33
12 4
54 29
9 9
3 31
38 33
4 1

21 36
71
4 0
18 29
13 13
2 9
11 3
2 33
12 23
0 24
2 30
3 4
7 15
20 14
16 7
13 2
15 30
11 34
9 18
5 10
10 14
14 19
9 21
19 15
16 14
4 30
15 8
0 35
16 23
0 25
10 26
2 3
9 19
2 12
5 12
2 24
16 25
2 10
10 6
3 34
9 8
17 7
6 12
7 1
11 10
11 16
1 18
14 32
13 35
1 25
1 8
9 4
16 5
6 22
8 12
11 11
4 15
6 30
15 31
12 19
15 28
8 4
2 7
20 25
11 8
15 32
9 34
9 13
17 10
20 31
9 12
12 15
8 4
6 1

24 10
53
9 9
4 1
5 9
14 1
5 2
6 4
20 1
20 2
2 8
22 6
2 6
13 7
20 9
19 8
9 2
5 8
1 4
10 6
23 4
11 4
23 9
17 2
22 1
12 8
10 0
22 0
7 3
14 8
23 1
17 6
12 2
2 9
14 2
5 5
23 3
17 7
20 5
1 9
20 6
17 8
17 6
5 4
10 4
1 5
16 3
21 5
13 9
3 7
20 3
14 7
0 8
2 6
8 8
5 1
