15

32 35
31
24 0
5 1
2 21
29 25
5 17
22 13
30 34
24 7
16 13
4 7
20 5
0 27
4 14
15 28
13 6
13 15
3 26
10 22
18 31
9 33
30 17
2 30
11 11
6 14
10 17
15 28
21 31
17 20
27 27
2 19
30 16
12 2

26 22
29
7 15
12 8
14 7
0 5
11 4
1 13
5 20
21 13
15 13
17 5
23 7
13 16
10 18
3 0
5 8
15 13
20 20
10 2
25 8
17 1
11 2
21 18
3 7
0 11
2 4
17 19
10 4
18 19
0 3
11 2

32 13
33
28 6
9 9
24 11
16 2
9 4
28 8
14 12
1 6
23 2
31 8
25 12
28 7
8 1
19 10
13 10
5 6
24 10
19 0
21 2
24 8
13 4
8 7
20 2
9 11
11 10
3 6
12 10
13 5
8 6
15 8
9 1
25 11
16 5
13 3

33 38
76
31 18
23 23
5 35
28 18
20 13
28 28
1 6
2 19
17 2
31 3
11 6
2 29
2 8
0 29
20 35
21 31
16 21
19 27
22 11
13 3
12 29
5 13
14 5
29 18
4 10
10 10
21 25
0 31
4 12
12 25
27 27
16 17
17 0
13 26
19 7
24 33
32 19
12 33
31 37
12 27
32 21
26 26
14 21
13 29
23 5
11 8
30 6
12 24
1 16
24 10
23 13
4 7
25 1
14 24
2 8
15 28
22 26
14 23
21 18
24 22
28 16
18 23
2 14
8 13
9 7
17 19
1 15
26 12
4 33
3 9
10 1
21 36
31 11
25 19
4 33
8 25
14 3

29 24
43
21 5
22 15
15 10
9 16
8 6
14 19
19 21
14 10
2 14
9 6
12 2
8 6
8 14
23 4
3 21
15 4
24 6
1 2
10 5
22 7
17 8
2 16
24 16
22 11
12 18
24 6
4 17
7 22
8 18
19 0
3 20
9 0
1 2
20 20
17 14
11 12
26 19
1 17
12 7
25 7
15 11
5 16
19 17
12 3

38 22
59
2 21
18 15
22 1
37 17
33 15
37 18
6 18
11 21
0 15
17 15
6 14
24 3
24 8
10 14
6 18
0 11
21 20
18 20
36 14
32 7
23 0
28 18
7 18
19 20
13 6
10 21
27 3
36 7
4 16
6 3
27 11
14 7
16 9
4 21
18 18
31 1
29 7
36 19
19 4
34 21
17 18
34 6
34 21
7 5
31 13
10 19
17 21
11 13
26 12
36 2
12 18
20 2
8 14
25 13
26 8
23 7
27 1
5 12
2 1
12 1

25 27
55
10 1
9 2
15 21
2 17
15 9
23 5
24 2
14 0
12 9
24 23
2 13
19 25
11 10
0 4
19 9
1 8
16 11
5 21
11 4
20 2
10 10
4 3
13 16
12 5
18 4
4 23
21 3
21 24
13 21
5 15
4 24
10 17
23 18
7 18
6 12
0 14
7 24
3 20
4 7
12 13
18 9
10 12
10 6
2 0
1 11
16 9
17 19
1 6
18 6
13 13
17 19
11 8
15 1
8 14
19 15
11 2

27 34
44
24 15
24 11
15 21
19 10
17 16
22 4
14 11
24 32
25 15
24 7
5 10
9 16
20 14
10 29
1 0
25 8
10 23
15 24
9 24
0 20
9 0
8 16
21 10
21 10
9 28
23 23
19 17
4 29
4 24
21 15
23 14
9 1
9 10
22 2
0 4
13 26
10 7
12 32
1 13
21 25
4 7
3 19
6 28
20 16
13 1

16 24
36
4 15
15 6
4 7
6 8
4 21
1 6
7 3
0 6
0 10
5 18
5 11
9 21
6 13
14 5
6 19
2 2
8 17
6 17
4 19
11 5
1 18
13 19
2 4
1 8
10 23
11 17
14 18
7 14
11 23
2 13
2 9
0 7
12 14
15 8
4 17
13 16
11 1

38 37
68
37 31
21 4
30 33
14 18
21 22
35 15
11 29
8 0
32 3
10 33
31 8
3 11
25 4
15 3
6 19
2 33
22 1
5 18
10 31
36 3
3 16
9 19
20 31
0 20
25 27
21 11
30 27
23 7
22 0
31 2
28 9
22 12
16 19
35 30
32 20
19 35
32 20
20 35
26 1
1 8
2 30
37 14
22 25
19 5
30 6
18 14
32 17
28 8
31 20
13 9
27 28
18 0
14 17
14 8
28 10
9 25
21 12
0 12
31 2
15 9
9 34
15 35
36 10
25 3
11 4
11 19
2 12
32 13
11 1

32 13
53
18 1
7 8
0 10
9 11
31 2
15 7
15 1
20 2
11 2
7 11
20 0
23 0
1 1
23 11
1 11
11 10
29 11
2 8
12 3
9 2
10 0
18 8
28 4
21 4
25 10
9 7
17 6
24 7
0 1
2 12
1 3
0 6
10 1
23 10
14 9
31 1
12 4
27 7
10 7
25 7
12 8
12 7
5 2
15 9
22 0
25 4
10 2
7 1
22 5
23 12
23 10
28 12
29 8
11 2

34 15
61
9 1
11 8
32 2
20 14
8 2
16 6
10 5
31 7
28 2
14 13
32 14
27 7
20 5
5 14
6 8
6 9
22 12
17 14
19 14
11 12
5 4
25 4
20 5
20 6
27 9
8 5
12 6
11 4
23 4
15 11
12 12
31 7
24 2
28 3
7 2
20 9
3 10
19 1
18 10
26 1
18 0
17 6
23 0
8 7
14 0
6 13
16 6
7 11
28 12
31 10
15 10
21 14
30 9
27 2
10 6
0 0
19 0
29 10
33 6
13 4
26 7
12 3

36 14
29
25 1
19 9
9 9
34 7
6 1
0 11
5 2
23 8
2 2
2 0
28 7
3 0
9 2
6 1
27 11
0 1
11 6
35 12
29 10
8 0
2 13
23 10
18 5
18 2
25 12
9 2
17 1
26 5
11 2
11 1

23 37
63
11 24
18 36
12 13
7 23
11 9
5 20
5 27
15 12
17 2
13 7
1 16
22 26
17 1
14 31
20 36
10 12
9 30
0 4
6 0
8 21
16 1
10 26
5 28
14 27
8 13
3 11
9 26
17 19
9 34
10 23
12 25
5 31
11 18
22 22
6 35
4 10
21 19
18 1
22 7
6 31
7 7
10 18
20 24
19 35
14 29
12 25
14 7
21 2
4 27
11 27
8 30
5 2
2 20
6 18
18 26
20 17
16 16
16 24
8 22
4 13
20 24
14 36
12 1
15 1

34 15
50
1 5
29 10
13 14
7 11
21 0
19 11
29 9
13 5
19 3
30 4
29 6
0 1
24 6
16 6
18 7
27 12
24 6
10 11
0 11
5 11
10 6
11 11
11 1
17 0
18 3
0 5
5 14
30 10
33 0
29 14
6 3
20 4
29 11
11 2
31 8
28 1
33 12
29 7
2 9
15 6
17 12
23 11
1 7
21 9
3 12
27 10
18 3
15 13
11 2
12 5
11 1
