6

199 79
37
192 9
75 52
54 2
168 78
64 13
38 71
124 16
137 25
61 22
30 20
121 34
138 52
190 27
30 42
46 10
197 66
80 36
149 32
84 59
66 30
51 28
97 29
12 69
2 18
190 26
44 36
173 25
174 78
191 47
90 56
140 7
184 42
173 5
155 76
116 10
83 19
157 22
1404 10

118 108
99
58 94
95 107
71 65
34 73
91 89
57 106
89 70
34 26
116 74
32 90
66 48
28 1
59 92
114 48
43 52
103 31
8 29
16 20
82 11
56 38
44 39
68 77
39 9
56 80
9 8
51 66
61 1
28 7
13 14
16 53
93 98
87 29
58 107
47 61
29 99
16 37
10 85
12 28
109 88
83 58
33 93
16 13
55 107
69 13
69 33
81 31
68 44
113 59
54 73
7 78
93 73
110 49
39 60
39 86
47 15
29 0
82 46
46 17
100 102
25 78
39 76
86 96
71 24
19 19
59 106
67 94
18 88
85 102
115 73
44 0
54 20
95 81
31 104
1 26
115 89
56 96
54 75
74 43
38 27
89 80
53 63
74 52
49 12
19 31
20 80
77 29
85 93
71 1
19 77
29 69
25 69
46 10
14 16
92 32
30 1
15 63
79 34
114 94
79 56
926 127

122 162
164
91 70
97 135
65 44
76 66
30 101
54 55
58 49
83 80
73 119
65 68
120 9
2 19
39 140
38 0
44 132
83 49
21 83
115 46
30 92
85 57
46 12
68 125
105 95
34 50
63 52
34 36
77 143
53 56
33 61
82 138
38 50
64 88
78 51
1 83
42 79
73 60
95 95
36 27
77 56
22 61
52 88
95 122
43 93
94 108
110 29
32 144
0 119
25 73
69 63
114 101
10 102
4 51
19 161
12 86
35 33
2 119
42 104
99 85
57 27
94 106
29 76
6 106
34 22
63 144
118 77
111 28
111 147
15 72
28 67
76 22
77 111
98 46
17 24
40 50
46 11
15 146
21 123
113 101
90 118
118 27
34 66
41 116
67 156
85 152
64 73
31 27
37 89
109 29
85 137
97 15
71 35
38 128
33 44
54 147
43 36
67 50
101 96
28 27
1 88
85 46
11 156
111 52
88 40
91 104
8 102
61 150
114 47
95 92
89 75
113 13
112 108
9 10
68 45
75 9
54 35
54 48
81 91
116 120
98 111
35 39
25 8
28 1
65 83
47 113
69 111
78 13
66 68
80 94
24 43
111 101
93 37
21 161
86 130
112 29
69 94
68 103
98 58
9 39
0 17
84 130
25 23
14 114
59 4
20 17
43 29
32 98
119 26
37 130
16 54
58 17
35 28
51 53
76 122
101 38
25 117
112 48
82 83
57 54
30 22
66 75
70 2
91 94
14 157
24 41
294 93

29 54
16
24 52
6 18
22 10
10 5
23 16
11 26
24 7
26 33
14 47
4 20
5 47
20 20
19 30
8 38
27 20
1 6
1632 109

50 63
177
9 62
23 42
49 54
6 7
43 34
34 1
0 15
26 2
41 57
19 54
36 37
21 35
11 30
25 56
30 31
9 57
7 28
18 36
13 11
44 4
44 40
33 12
15 48
45 19
7 35
39 7
13 51
11 2
38 16
24 22
22 4
9 34
16 49
0 39
8 59
42 10
49 45
35 57
40 5
18 37
32 13
43 30
49 2
38 44
27 3
23 53
30 37
31 3
39 26
17 62
46 61
1 0
39 62
26 4
45 50
43 51
0 43
46 5
14 6
40 50
17 51
24 13
32 20
19 31
5 17
13 14
43 33
1 36
37 28
32 19
25 3
2 32
10 25
49 15
17 43
37 24
32 7
13 18
2 42
20 29
41 15
44 2
22 26
43 37
20 47
9 59
31 45
11 58
2 54
1 0
43 13
20 54
4 39
0 18
35 29
20 27
12 57
3 55
10 9
5 45
5 37
9 37
20 52
30 43
27 15
29 52
15 42
27 47
31 7
29 22
48 44
47 29
47 34
4 30
43 44
2 24
0 34
29 28
12 48
8 43
28 61
23 6
11 58
11 24
5 20
5 22
32 57
40 35
41 26
25 0
39 41
32 19
45 1
49 41
32 57
16 12
1 36
16 31
43 3
25 21
17 20
24 49
24 44
2 51
25 25
18 2
2 45
32 55
15 35
16 41
12 31
46 39
20 4
46 6
3 40
39 3
45 9
11 50
0 56
33 48
45 17
42 43
43 41
30 53
30 22
29 25
17 40
0 34
15 39
6 25
23 21
14 55
21 21
18 29
11 24
17 53
13 21
1818 38

12 119
97
5 20
7 101
4 25
2 87
6 84
0 101
7 27
6 39
8 37
7 101
2 111
11 92
11 96
0 3
9 69
3 37
8 32
9 1
7 58
2 9
4 104
5 58
1 69
10 70
8 37
4 99
5 25
0 12
1 32
9 33
0 91
3 114
7 27
10 43
6 77
7 35
7 69
2 76
2 93
3 34
9 53
0 2
6 100
8 73
6 118
2 95
6 37
11 84
7 61
5 5
7 52
10 32
7 42
5 12
5 76
0 41
5 5
11 70
10 39
3 97
6 86
3 76
9 13
8 116
1 5
7 28
6 31
0 22
4 51
3 61
1 50
3 42
8 2
2 97
5 43
11 66
10 27
8 107
10 25
8 22
6 46
7 41
2 60
3 30
9 99
5 92
7 24
6 9
9 95
7 49
2 106
2 63
6 12
2 108
1 91
6 5
6 93
754 62
