20

1 42
18
0 22
0 32
0 14
0 22
0 32
0 8
0 26
0 31
0 40
0 6
0 16
0 20
0 19
0 9
0 19
0 9
0 35
0 11
5 1

23 31
2
8 27
0 11
5 1

1 42
40
0 24
0 19
0 41
0 21
0 2
0 39
0 1
0 14
0 13
0 21
0 16
0 40
0 9
0 9
0 7
0 37
0 21
0 36
0 40
0 36
0 18
0 14
0 28
0 5
0 23
0 23
0 2
0 31
0 28
0 15
0 10
0 39
0 35
0 29
0 30
0 6
0 24
0 20
0 29
0 1
5 1

40 22
26
37 19
6 19
34 8
13 11
34 21
1 0
12 8
2 19
25 12
14 6
2 2
21 21
34 4
17 2
16 13
34 15
15 4
15 8
26 14
2 19
34 18
38 19
37 2
24 14
2 3
27 1
5 1

26 29
28
6 20
20 27
20 2
21 4
3 23
13 14
10 28
11 26
21 13
13 24
22 19
24 24
23 7
1 22
17 7
0 13
20 25
7 3
3 28
15 6
7 18
7 6
12 16
11 1
13 7
1 14
12 17
14 4
5 1

31 49
5
11 17
6 10
11 2
1 4
24 48
5 1

4 17
16
2 5
1 6
3 2
1 3
1 12
3 8
3 13
0 9
3 13
2 13
3 13
3 1
1 5
3 11
1 5
0 2
5 1

19 47
46
7 19
18 5
10 20
2 21
10 37
10 36
15 43
7 44
2 19
17 36
15 24
16 37
2 38
17 6
16 19
2 26
4 26
11 42
9 19
1 21
14 20
9 37
4 0
12 18
17 20
1 18
12 41
13 15
12 38
10 19
12 43
9 36
10 30
0 12
8 8
8 35
4 45
4 39
16 18
4 40
5 31
9 9
6 24
10 13
12 35
12 11
5 1

38 45
10
28 16
11 21
4 12
18 41
35 38
10 7
15 33
16 27
8 16
19 28
5 1

7 19
5
6 10
1 4
5 16
2 4
6 13
5 1

20 17
19
3 15
12 3
17 8
11 6
19 10
9 4
0 3
12 2
7 1
14 1
19 12
16 14
16 10
13 3
12 5
11 14
3 3
2 10
13 13
5 1

30 5
29
13 1
17 2
14 2
20 1
23 2
8 3
18 0
4 0
11 3
24 4
2 1
18 0
26 4
7 1
5 2
14 3
17 0
18 0
29 1
14 2
5 2
23 0
14 1
16 4
16 2
3 3
24 3
17 4
22 1
5 1

38 44
38
23 18
27 8
5 17
0 42
35 42
21 38
30 26
22 13
13 41
12 11
2 18
23 23
26 0
28 27
35 4
3 24
1 23
28 28
25 40
20 43
15 20
7 18
29 25
25 27
11 36
10 22
2 36
9 36
17 35
29 32
23 15
23 6
16 0
34 28
19 6
21 35
16 0
20 26
5 1

39 4
1
19 3
5 1

17 4
16
12 3
7 2
12 3
6 3
6 3
4 3
1 2
3 2
7 3
7 3
4 3
7 1
8 0
0 1
11 0
4 0
5 1

34 10
5
4 5
15 6
3 8
1 1
24 3
5 1

35 46
13
17 41
22 14
20 9
33 4
28 13
2 32
16 38
10 18
22 5
12 22
6 42
17 30
33 3
5 1

1 39
38
0 13
0 5
0 8
0 16
0 17
0 23
0 38
0 20
0 36
0 22
0 20
0 5
0 6
0 11
0 25
0 27
0 7
0 27
0 11
0 37
0 15
0 32
0 18
0 12
0 2
0 6
0 24
0 12
0 14
0 23
0 29
0 23
0 31
0 11
0 32
0 15
0 27
0 8
5 1

49 34
21
43 3
36 31
22 23
43 27
13 4
46 23
30 22
19 16
5 28
29 9
39 2
5 8
29 16
19 6
2 6
39 18
0 14
47 28
13 28
7 7
11 8
5 1

8 34
33
5 16
2 13
7 4
4 18
3 20
7 3
6 14
5 1
2 13
5 33
7 1
7 12
3 7
2 8
1 21
1 20
1 15
5 15
1 18
0 8
1 26
0 30
5 15
5 15
0 7
5 18
5 6
3 14
1 16
6 9
4 11
7 23
5 27
5 1
