16

25 26
72
10 24
5 4
12 8
11 24
21 13
6 4
15 3
17 2
0 18
6 21
4 5
3 19
15 15
4 2
14 17
8 5
23 12
12 0
11 1
3 5
9 8
21 19
8 24
6 3
19 23
1 7
3 1
19 3
2 16
10 20
6 24
9 17
22 16
20 10
11 11
16 9
6 19
2 15
1 4
15 0
0 1
11 23
7 7
17 7
0 14
17 13
7 0
17 6
15 14
19 18
21 11
13 2
13 19
2 12
18 12
3 8
18 0
7 18
4 13
12 5
21 24
19 4
4 12
7 6
1 6
1 22
23 5
7 24
18 5
11 6
21 2
6 18
15 1

33 26
76
16 6
21 19
11 23
13 24
1 1
14 8
25 13
0 6
28 9
10 14
16 17
9 9
1 13
7 3
9 3
22 13
14 22
13 1
22 11
29 16
19 16
25 4
18 6
30 10
19 23
11 1
11 2
14 18
23 5
20 10
21 17
11 12
28 19
17 18
27 20
25 18
30 2
1 11
10 24
3 11
17 22
29 2
7 16
9 23
25 6
11 15
26 19
21 12
22 19
18 14
10 9
15 15
2 23
3 24
5 20
23 4
16 1
18 17
19 15
31 14
22 15
2 15
12 24
9 4
4 15
22 0
30 5
29 20
10 3
0 18
0 3
2 12
30 1
2 13
8 0
25 9
15 1

17 28
88
10 25
7 17
5 18
4 19
1 20
12 9
10 15
7 11
7 2
8 10
11 18
11 8
12 20
5 10
7 7
6 12
14 16
6 23
10 3
15 16
11 23
5 16
15 2
8 12
9 13
2 20
0 24
3 18
3 10
11 9
3 8
12 25
13 20
4 4
9 0
14 24
2 6
3 14
11 20
14 10
9 3
3 9
15 11
0 10
14 21
0 1
9 6
11 14
5 17
13 8
15 7
7 15
1 22
4 1
4 23
3 7
14 3
0 16
3 19
5 23
13 0
4 5
8 21
15 22
9 2
14 18
13 13
4 0
11 13
4 12
2 7
9 11
7 18
14 7
2 24
5 0
10 19
2 21
3 13
7 14
8 1
7 16
0 6
4 6
12 21
12 18
3 15
0 2
15 1

38 29
58
23 27
12 20
2 27
36 2
17 17
6 22
11 21
23 20
33 12
1 16
29 22
11 0
9 13
13 8
33 10
36 27
0 24
9 10
2 9
8 3
24 3
29 1
10 17
20 12
21 20
2 22
8 19
23 7
24 22
2 11
31 5
18 14
19 22
1 5
9 5
18 13
34 16
32 8
27 11
31 3
24 15
23 5
0 0
33 0
22 22
24 0
9 25
13 19
29 0
12 8
21 2
19 17
19 12
1 7
26 9
3 5
21 23
7 11
15 1

29 30
77
25 0
3 4
25 24
24 26
16 25
18 1
5 27
14 22
18 28
22 3
24 13
22 7
20 18
2 9
15 4
16 7
2 23
3 0
8 18
25 1
6 16
17 21
24 18
3 27
12 9
14 25
5 6
1 1
22 22
8 11
1 20
2 28
4 16
8 4
8 8
10 16
27 24
1 27
18 21
4 25
11 6
11 16
5 19
1 5
3 9
25 8
14 11
24 23
25 7
11 4
24 3
16 13
1 9
0 22
7 27
20 9
16 11
0 2
15 1
23 23
7 25
11 22
20 26
10 21
18 4
21 2
25 22
27 1
23 6
20 24
2 25
12 21
16 27
27 20
25 27
5 8
3 19
15 1

25 18
54
10 9
4 7
0 12
2 0
21 16
6 11
16 11
16 1
2 12
7 15
17 13
0 16
10 15
23 7
13 11
23 5
8 4
0 0
9 11
0 3
12 12
19 10
6 13
7 13
0 4
7 5
2 16
21 1
5 3
2 11
17 15
0 13
18 16
6 4
1 12
3 2
3 7
13 3
12 4
15 14
23 4
9 0
2 6
5 12
3 11
8 6
13 9
15 0
17 3
16 6
9 1
3 3
17 9
8 16
15 1

33 23
63
10 9
4 10
8 3
20 21
8 17
6 0
27 0
30 2
8 8
8 2
7 0
18 14
8 0
13 17
2 15
0 6
7 17
1 18
15 6
16 3
15 21
7 2
2 21
28 17
15 15
16 17
2 18
2 10
19 12
20 18
3 9
25 18
16 16
21 0
17 6
9 14
26 9
9 2
30 17
28 5
22 4
31 8
25 5
14 11
23 20
10 6
28 15
6 18
18 11
9 11
18 21
1 2
23 18
26 7
13 7
6 7
17 5
5 17
18 12
10 15
27 21
3 0
10 12
15 1

18 29
68
3 0
13 25
9 14
9 24
16 24
12 27
13 9
16 11
4 14
7 5
12 21
0 23
16 19
1 24
11 26
4 21
3 25
13 20
5 11
6 10
0 0
15 11
2 10
12 7
4 10
5 5
2 22
8 17
7 14
8 22
9 17
5 27
2 23
11 19
7 8
16 2
10 10
4 0
8 14
4 15
12 8
0 15
3 16
8 7
9 12
11 25
14 26
7 9
0 6
2 7
9 27
0 3
12 19
0 18
1 3
9 4
11 24
16 10
16 27
14 0
13 17
10 14
6 7
8 0
3 21
11 11
3 19
9 0
15 1

33 37
107
30 34
14 28
2 23
12 14
26 19
12 18
29 34
20 31
1 3
9 8
3 16
15 17
21 24
22 18
28 0
17 34
20 15
4 7
13 29
23 32
5 6
1 28
23 17
31 21
4 18
19 25
31 28
12 28
20 33
11 35
31 4
26 11
20 28
10 29
31 23
7 1
29 15
29 26
26 18
26 7
20 14
8 1
22 21
31 19
11 7
10 19
0 28
8 19
4 29
10 6
12 4
4 21
27 27
7 27
21 9
17 3
12 29
18 12
6 17
4 33
15 25
14 34
15 34
4 19
19 6
21 32
18 31
12 31
31 24
21 18
18 17
17 8
13 24
6 11
30 16
9 10
21 20
26 29
2 33
22 25
17 6
29 8
27 22
22 34
0 16
31 26
11 20
5 35
9 25
23 6
24 27
9 16
15 5
24 22
12 5
18 8
19 26
22 20
26 5
4 14
6 15
22 28
13 4
19 8
15 29
30 25
14 22
15 1

27 21
59
8 12
7 6
15 4
14 4
9 4
10 8
8 14
24 9
14 0
8 15
11 3
25 10
6 8
11 13
14 3
12 4
23 7
5 3
5 2
25 9
12 3
15 11
16 15
1 0
3 1
15 8
0 5
15 13
16 11
11 19
17 17
18 7
4 18
17 5
1 12
8 5
22 4
7 15
22 2
9 16
3 15
3 16
15 16
16 19
13 13
21 0
23 9
0 11
19 11
22 12
25 7
13 0
11 11
18 5
18 3
21 5
25 3
7 8
21 17
15 1

19 22
83
6 8
16 17
5 15
9 15
16 1
10 1
11 17
16 12
3 1
14 10
3 2
11 2
2 0
5 7
6 15
3 14
9 11
16 2
4 1
6 5
13 1
17 10
4 14
11 1
13 5
16 0
8 18
8 8
6 16
7 18
14 16
0 10
4 7
3 12
16 9
4 20
12 5
9 13
10 18
0 17
6 17
8 7
9 18
7 4
15 9
1 17
5 1
11 7
12 14
14 8
6 20
15 10
10 2
2 2
10 14
7 16
8 20
7 12
2 9
13 2
13 6
13 18
3 9
4 12
2 15
0 13
5 19
6 7
2 13
2 19
16 15
4 8
13 10
4 10
1 11
12 20
9 6
17 1
1 4
16 19
15 18
12 12
17 5
15 1

30 16
89
14 1
0 6
17 7
7 13
28 14
24 1
25 3
19 0
13 1
9 9
7 7
3 9
17 6
26 2
1 11
4 5
16 2
3 11
16 10
5 5
2 10
6 1
0 7
5 10
8 11
14 8
9 8
22 11
10 8
9 0
0 1
0 11
12 3
25 8
7 1
11 6
0 8
7 4
12 14
18 0
16 4
24 10
6 5
21 14
9 1
2 14
5 9
27 8
5 3
9 6
4 14
25 0
18 11
26 4
1 5
1 2
6 13
3 14
17 13
25 4
23 2
23 1
13 5
10 6
7 11
10 12
26 11
7 12
4 13
10 7
13 6
11 7
22 14
3 10
0 3
2 4
20 3
11 1
1 0
16 13
18 12
2 3
8 6
5 4
22 10
26 1
25 14
24 4
19 3
15 1

20 21
80
9 16
5 5
10 6
5 1
13 19
12 11
3 3
8 5
0 2
11 4
16 10
6 4
7 14
6 13
9 15
11 1
18 15
8 18
1 11
16 9
17 14
14 3
15 3
10 10
7 17
13 4
10 16
15 14
9 12
3 17
4 1
16 8
15 2
15 12
2 11
10 3
16 0
14 8
2 1
2 0
3 19
18 7
13 10
2 9
0 4
12 17
11 8
9 13
15 13
12 19
11 7
11 0
0 3
11 10
3 7
15 16
1 19
3 9
3 5
15 0
9 11
14 13
13 2
5 17
11 2
12 10
18 14
17 15
12 8
10 4
2 3
0 1
8 1
11 19
5 3
3 6
5 0
13 6
18 4
10 18
15 1

39 38
73
17 35
27 0
8 8
2 19
9 29
18 0
14 34
8 19
1 36
5 16
0 22
15 26
30 20
34 25
25 10
10 21
3 7
18 19
6 8
11 12
13 6
2 9
3 28
24 15
37 34
12 5
20 19
16 32
21 24
2 12
26 15
10 34
18 18
35 21
2 4
16 31
30 15
15 19
12 0
8 28
11 2
14 0
32 32
35 12
30 14
11 28
2 10
32 21
4 34
13 24
13 20
11 5
36 19
4 36
36 1
32 24
7 17
26 24
26 3
30 9
17 4
34 24
27 17
10 6
36 14
10 29
37 6
21 18
6 12
7 36
18 29
26 30
10 11
15 1

36 19
79
12 6
13 4
13 12
4 4
21 5
29 5
12 1
2 2
8 17
10 8
9 6
21 12
27 16
17 16
27 14
4 5
10 6
11 4
30 11
17 2
26 2
2 9
23 8
4 13
9 13
29 9
5 9
22 11
27 0
26 10
29 2
20 12
3 17
27 11
24 14
6 9
8 14
3 11
24 13
18 14
27 5
14 16
11 9
5 14
23 14
24 0
34 4
23 17
29 11
31 12
13 15
3 5
19 0
27 8
4 10
20 1
18 1
31 17
11 12
3 15
32 11
13 10
28 4
19 14
21 11
1 0
21 10
32 9
17 5
16 4
14 11
15 12
29 10
7 6
20 14
4 7
1 11
6 13
21 6
15 1

32 26
97
26 1
12 5
19 8
21 18
25 14
27 2
16 18
17 15
23 2
11 2
4 12
11 17
17 18
11 11
25 10
3 22
14 11
22 13
27 17
5 19
3 0
23 0
20 1
26 2
0 22
10 14
16 4
16 20
0 3
13 20
18 20
23 9
17 19
5 21
23 5
13 23
4 19
17 6
3 1
0 20
25 9
11 8
16 17
3 23
7 7
15 10
27 10
10 12
5 20
4 16
25 2
14 0
28 20
10 5
15 15
18 11
27 16
25 18
8 16
25 15
27 11
4 9
0 21
27 18
9 9
24 21
0 24
3 14
2 5
20 12
23 16
22 18
11 18
4 6
28 12
19 4
0 13
29 10
3 16
6 8
27 23
6 17
18 7
4 10
21 6
9 5
9 7
8 17
21 3
1 14
17 20
18 19
19 2
14 9
14 19
13 22
16 10
15 1
