6

31 35
60
4 23
25 31
30 15
27 29
7 34
5 28
6 11
17 10
22 25
15 25
2 18
22 30
2 33
5 34
27 23
26 20
18 23
10 3
28 3
6 17
29 32
21 32
15 17
26 24
15 11
19 29
12 30
21 27
12 18
12 28
17 6
27 5
6 10
9 1
3 19
26 8
12 2
24 8
25 13
3 34
7 12
12 33
2 18
6 4
12 15
30 32
8 24
29 14
21 21
6 5
13 32
18 22
24 18
22 15
30 11
2 17
12 14
19 14
25 1
12 13
5 2

35 34
60
31 29
24 14
25 32
6 27
32 8
12 29
29 25
14 24
13 29
2 24
34 18
32 15
34 11
5 23
23 11
21 11
12 17
29 23
3 17
34 19
16 2
18 3
32 26
33 4
12 12
3 26
2 1
21 21
32 15
10 25
15 17
5 1
18 24
20 21
18 9
33 17
22 8
18 19
6 30
2 19
6 25
1 13
10 29
27 33
12 33
17 21
1 5
2 9
29 13
34 20
23 21
27 8
9 12
13 2
21 4
31 20
5 27
7 8
33 17
12 18
7 2

35 32
60
21 14
9 23
30 12
13 30
20 6
31 23
30 19
30 21
12 19
22 31
28 19
25 9
24 8
18 23
14 19
34 30
23 14
27 9
23 30
28 21
7 23
2 6
30 26
31 3
7 11
13 17
2 4
10 2
24 3
8 28
33 27
10 19
22 13
22 24
13 9
26 29
33 30
11 22
22 1
1 4
32 9
4 13
32 15
27 18
19 15
11 26
19 14
28 19
28 28
16 1
21 28
22 14
28 20
1 30
6 25
12 27
19 30
34 19
17 26
30 28
7 1

35 32
60
18 24
18 2
26 6
29 24
7 29
3 12
6 7
14 31
6 23
12 7
29 25
6 9
11 28
4 2
11 26
10 5
8 28
3 5
16 29
17 14
26 31
24 3
9 17
5 8
2 7
11 13
17 11
14 19
13 30
29 18
2 4
23 17
9 31
29 19
24 22
11 13
2 30
25 26
28 11
7 1
3 2
15 24
6 29
23 26
1 20
23 1
14 7
9 21
10 31
20 4
13 19
9 12
24 15
26 2
14 27
17 14
20 5
34 14
12 6
29 19
6 3

30 34
60
5 18
26 11
15 10
9 9
25 20
17 29
13 23
1 26
24 7
28 5
6 11
1 17
20 2
22 25
13 24
10 25
24 8
17 6
4 33
8 22
12 25
3 10
13 8
1 20
18 14
27 8
10 13
12 3
9 2
12 11
15 32
22 16
29 29
5 32
12 26
21 30
25 13
22 19
11 13
7 19
3 1
1 11
5 33
7 22
27 29
9 12
24 19
3 7
15 32
19 24
8 26
9 12
5 2
24 16
5 30
3 27
5 10
9 30
14 9
3 25
6 1

33 32
60
5 6
12 15
10 17
17 22
30 2
10 11
30 9
23 10
27 22
1 11
19 28
17 13
13 31
19 26
4 26
2 5
5 25
27 15
21 7
3 21
22 29
28 11
23 26
22 28
4 7
4 24
7 20
15 17
8 24
25 2
4 13
8 1
14 30
9 7
23 29
22 16
11 4
7 14
1 30
10 13
14 9
12 8
10 6
29 30
30 23
15 23
7 28
22 10
19 25
14 2
9 26
10 8
18 10
6 26
11 20
17 29
18 11
3 23
27 30
30 1
6 1
