11

19 12
50
14 7
6 10
16 4
0 4
14 5
10 9
2 1
4 5
15 7
14 5
16 10
17 3
2 0
4 9
11 8
6 9
3 1
13 1
4 5
11 6
11 9
8 2
4 5
3 6
1 10
13 1
8 7
4 0
6 2
10 1
13 10
6 2
10 0
7 7
7 2
3 7
5 8
3 0
6 6
2 5
2 8
3 3
10 4
2 8
11 8
16 6
14 3
16 1
12 8
2 8
32 6

13 7
8
2 0
3 4
3 1
11 4
6 3
11 0
11 5
8 2
82 8

14 3
5
12 1
10 0
1 1
6 0
8 0
17 5

12 22
50
8 19
5 1
1 17
0 0
6 14
6 18
10 20
3 16
3 5
8 14
8 17
10 17
2 14
3 2
10 9
1 19
5 13
1 0
10 8
3 5
5 16
2 10
1 11
1 19
9 7
8 0
9 5
4 7
4 6
4 13
6 14
6 13
2 10
10 10
2 5
6 0
5 4
10 2
10 4
0 19
10 8
8 20
10 19
8 8
4 15
4 4
1 5
6 7
5 3
2 6
105 10

20 24
131
1 19
9 3
5 16
13 22
11 2
10 1
10 20
13 15
13 7
13 19
1 10
3 19
4 0
14 4
6 14
2 3
0 11
3 12
3 0
15 0
11 14
7 7
14 18
3 7
11 8
3 3
9 20
7 19
15 20
1 13
8 15
15 0
18 22
17 12
13 3
2 5
5 20
4 15
6 22
2 0
11 10
3 19
17 7
12 8
10 12
9 2
14 8
13 15
15 22
14 3
14 0
4 17
15 10
2 12
6 2
5 17
9 4
10 6
12 4
2 6
14 12
10 1
11 7
5 16
2 5
4 19
8 7
18 21
16 7
11 4
14 2
17 2
7 12
16 10
17 11
7 14
12 10
18 5
15 11
14 20
18 4
0 2
6 16
1 10
3 16
8 0
2 12
16 17
12 17
16 14
6 12
4 5
2 9
0 5
9 13
12 17
6 0
5 17
14 4
4 6
6 0
1 2
17 1
5 18
10 5
15 17
10 9
10 12
12 7
15 10
10 19
6 9
6 16
1 21
14 0
8 4
14 0
18 7
8 2
12 2
11 18
14 15
17 14
2 5
8 6
16 20
15 16
1 13
1 12
2 4
17 11
104 8

19 12
81
2 6
0 3
2 5
10 9
2 8
10 10
15 6
3 2
8 8
4 2
16 6
11 8
11 7
3 7
14 9
13 6
6 9
6 4
9 1
8 9
6 9
8 0
16 1
7 4
12 5
5 6
8 10
4 0
14 9
8 4
17 2
0 3
8 8
3 10
14 9
4 1
13 6
4 0
17 6
4 10
2 10
5 1
10 8
7 6
1 1
4 5
7 7
2 4
13 10
3 9
0 3
1 8
10 4
3 10
6 3
0 10
11 3
1 1
14 0
16 8
1 4
15 6
4 0
10 8
3 10
9 10
5 0
15 6
11 4
4 3
10 6
13 3
9 6
0 9
4 9
9 1
17 9
3 9
11 8
13 10
1 8
55 5

20 14
22
5 3
1 12
13 8
15 3
3 1
9 8
9 1
17 3
5 10
5 4
16 11
14 4
8 5
0 8
4 4
14 1
12 2
12 8
18 10
14 10
4 6
17 11
74 34

10 11
36
4 1
3 1
7 5
3 0
1 2
7 8
5 6
8 3
5 1
6 8
6 2
8 5
4 9
3 6
7 6
8 9
0 3
7 8
2 0
6 9
7 5
5 5
8 7
3 4
2 3
7 0
3 0
8 3
8 8
3 7
7 0
1 4
4 3
4 8
1 9
8 1
101 20

15 15
20
8 6
12 12
3 8
12 12
1 6
0 2
13 1
6 11
11 11
9 10
13 7
3 6
4 13
8 5
3 8
10 0
12 7
9 10
8 12
8 1
22 8

19 20
129
13 4
7 10
4 10
8 17
6 2
9 15
16 17
10 6
5 4
7 2
15 6
15 16
8 6
6 13
6 11
13 18
17 15
11 10
10 12
16 17
9 9
11 0
0 14
5 14
12 12
5 6
14 16
3 3
11 9
0 6
8 17
10 1
2 0
11 2
9 5
7 13
13 10
1 11
12 9
4 10
8 7
8 3
13 0
15 16
17 11
15 6
3 7
13 10
17 13
16 9
10 13
13 14
15 5
17 9
5 14
0 3
15 4
16 6
5 4
17 17
7 10
13 2
0 1
12 3
16 16
1 9
14 12
7 17
17 0
16 12
13 12
16 16
5 17
12 4
8 13
10 0
12 18
10 1
6 17
8 10
2 3
2 0
6 0
2 5
14 15
5 8
9 17
5 4
8 10
6 8
3 15
15 7
13 13
12 15
7 17
7 14
13 12
9 7
9 15
10 14
13 2
7 1
15 10
12 0
12 11
5 4
4 8
10 10
14 15
2 1
14 0
7 3
0 10
15 0
1 8
14 3
7 16
4 6
6 11
13 3
4 15
3 10
3 5
12 8
2 14
9 7
15 14
10 15
4 8
46 14

19 1
9
3 0
14 0
15 0
0 0
1 0
9 0
14 0
8 0
12 0
99 13
