7

12 77
23
5 38
1 67
3 70
2 4
9 16
6 9
8 42
4 55
0 64
4 74
7 56
4 36
0 21
5 35
9 33
10 68
4 29
10 59
7 11
3 73
7 68
10 32
2 41
39 9

5 139
159
2 24
1 128
2 28
1 75
4 133
4 19
1 79
4 27
2 61
4 78
1 96
3 28
1 84
2 49
0 129
1 48
0 114
2 21
3 34
1 37
2 116
0 58
1 42
4 133
3 77
4 12
2 67
3 5
3 44
2 4
1 124
2 44
3 92
4 99
4 68
1 84
3 138
2 65
0 129
2 25
0 31
4 53
2 5
3 62
4 52
4 43
3 123
1 89
2 122
1 37
4 50
0 133
2 32
0 7
0 49
1 137
0 6
0 16
2 30
0 30
3 0
0 113
1 24
3 13
0 63
4 11
0 18
4 62
0 71
4 5
2 122
1 131
3 5
3 33
2 9
1 71
1 106
3 29
3 134
2 132
2 138
2 117
4 122
2 95
3 77
1 101
1 126
4 58
2 37
2 90
0 93
1 131
4 113
2 22
1 26
3 117
2 34
0 107
2 47
2 55
4 94
0 4
4 129
2 128
3 67
1 94
4 135
2 37
2 42
0 30
2 108
4 85
4 51
0 9
0 67
1 95
1 137
3 77
0 8
2 82
3 78
1 134
2 45
3 57
2 117
0 106
0 96
3 111
3 31
3 2
0 132
4 38
3 33
3 132
0 133
4 32
0 120
0 120
2 72
4 107
4 90
4 87
1 53
1 26
2 62
2 119
3 46
3 112
4 125
4 14
1 110
3 24
3 83
0 17
1 111
1 98
1 39
3 8
3 40
141 17

15 20
10
10 13
1 12
9 15
1 17
4 7
5 10
9 11
7 19
7 11
7 15
25 2

20 17
15
8 15
16 16
13 5
13 2
16 11
7 8
15 1
12 16
15 5
14 14
5 16
8 13
13 1
7 15
13 16
15 4

7 7
16
1 1
1 2
2 3
2 2
3 3
3 5
3 6
3 4
6 5
6 4
6 3
6 2
5 6
5 4
5 1
2 4
7 1

27 25
15
11 1
18 4
1 12
5 3
17 1
11 2
3 24
10 9
7 2
19 3
4 12
4 11
15 22
9 2
2 20
25 4

7 15
39
0 10
6 14
5 14
5 0
5 12
6 2
2 10
5 8
3 9
6 13
2 13
1 9
0 4
2 7
3 0
0 9
5 2
0 4
0 14
2 6
3 6
6 11
3 0
6 0
6 0
3 9
6 1
2 12
5 12
4 7
6 9
1 11
1 5
6 1
0 8
6 9
6 3
2 14
0 12
15 1
