5

75 76
89
71 65
41 64
32 11
29 19
12 9
36 57
8 44
39 9
29 2
74 15
64 63
53 0
30 67
55 35
12 8
8 14
60 2
33 9
6 40
12 5
68 38
44 15
27 37
40 56
62 70
74 17
74 40
57 7
15 17
23 32
24 44
37 38
34 64
55 75
63 31
12 17
70 66
34 1
19 57
55 23
68 8
35 49
9 14
74 20
32 40
7 72
59 38
19 70
68 21
35 10
21 13
14 47
5 15
15 63
25 61
8 4
49 8
63 58
14 50
15 70
15 10
57 54
43 57
69 30
7 57
69 11
30 39
21 30
10 62
14 67
8 44
9 57
19 64
71 15
66 73
58 9
10 47
58 71
71 68
66 47
59 37
9 0
22 57
27 70
21 48
22 31
41 72
42 9
58 67
249 5

78 57
85
31 55
47 9
35 5
21 33
10 8
52 33
60 28
41 21
5 14
48 27
71 38
46 14
3 46
36 25
73 21
49 29
50 46
6 25
54 25
5 5
39 48
55 19
45 21
25 32
15 25
24 2
28 16
75 8
33 30
23 55
19 43
4 31
18 56
54 43
15 32
37 16
66 5
53 18
32 34
33 36
52 43
34 42
27 31
11 39
64 2
38 15
6 55
52 37
30 4
48 37
37 46
77 35
50 47
9 53
59 22
30 3
0 31
63 43
17 54
38 25
9 38
15 45
69 46
68 50
46 23
45 5
74 43
59 40
25 28
0 33
12 12
67 33
44 40
68 23
27 20
71 54
56 8
1 12
25 43
47 23
30 52
27 54
66 3
22 46
55 17
91 8

99 99
80
76 19
44 81
37 19
80 73
25 25
30 41
16 28
5 48
72 9
82 96
3 27
57 42
94 35
3 97
93 86
16 68
6 58
51 43
76 30
15 2
54 44
43 70
72 49
17 43
56 1
39 60
28 96
1 21
30 2
17 22
88 31
91 95
90 43
37 67
71 51
67 26
95 10
96 66
57 15
11 14
14 48
72 40
45 73
59 75
75 75
95 65
7 87
59 95
29 94
63 2
46 30
26 42
40 22
8 97
35 17
12 49
65 85
87 11
57 45
84 34
21 78
97 29
67 55
25 96
50 87
96 97
18 22
38 56
44 46
54 79
63 64
27 27
48 15
38 7
60 21
39 82
1 35
10 66
90 33
61 41
251 4

93 91
87
19 38
60 87
83 58
44 30
22 26
55 31
33 29
74 76
78 57
42 75
42 24
81 1
39 63
0 55
64 63
70 10
73 83
44 4
84 73
12 24
18 53
91 42
24 52
66 90
10 64
79 39
23 10
3 19
11 74
68 2
32 18
62 73
78 73
72 23
6 37
78 27
57 11
74 9
51 60
88 8
61 63
19 86
47 51
53 73
24 51
37 6
69 88
65 42
18 83
26 52
36 21
48 47
85 74
79 21
73 81
10 78
52 4
32 0
49 50
60 16
16 58
35 42
10 28
42 51
50 58
51 14
77 17
82 0
34 43
15 45
45 68
53 50
54 31
6 0
73 87
83 54
68 18
75 35
29 52
11 85
90 79
70 78
67 86
46 60
32 62
18 71
87 63
101 7

94 93
88
84 54
6 31
91 69
65 12
61 35
67 84
39 83
77 9
79 25
85 62
67 22
25 39
10 57
70 58
23 14
69 63
40 66
25 1
59 13
84 45
56 33
21 77
30 0
76 79
77 45
13 80
53 33
77 77
75 47
69 21
73 63
71 33
52 83
84 75
51 45
70 50
90 58
68 9
80 25
68 80
50 39
46 40
52 91
4 66
14 65
22 12
76 74
40 68
54 75
78 66
62 73
77 11
35 55
43 0
60 12
17 54
31 52
52 28
24 22
74 91
88 85
58 28
28 51
37 36
86 48
52 59
59 31
71 63
71 89
48 71
64 47
53 57
60 30
16 52
26 82
55 47
25 59
23 44
8 73
0 49
40 88
13 53
46 84
59 19
11 82
86 85
11 27
8 37
104 9
