6

49 28
43
13 13
20 4
31 16
38 17
8 2
43 22
38 14
19 2
44 1
48 13
18 24
7 10
10 4
34 9
18 13
45 7
42 10
9 15
23 18
5 14
19 4
8 22
12 23
20 27
12 5
5 17
46 2
21 24
8 8
11 12
40 6
1 22
28 25
11 4
24 23
31 7
4 13
40 1
18 19
15 11
4 21
3 11
17 4
5 2

17 46
95
5 22
15 30
6 5
15 9
4 37
1 23
12 9
12 5
13 35
8 37
3 13
2 28
11 29
10 22
4 26
9 42
8 27
15 2
6 6
8 41
4 20
14 41
13 20
16 14
15 19
4 37
2 35
16 12
14 17
5 16
14 14
13 34
4 22
16 19
13 43
9 23
6 38
12 31
14 41
1 7
16 1
14 4
7 19
8 31
2 40
6 6
4 18
16 9
10 12
3 29
1 9
16 16
11 32
10 9
9 2
14 13
15 19
5 27
15 10
10 36
12 37
8 43
1 31
16 14
15 22
11 16
4 29
14 38
5 4
7 12
11 30
12 20
16 34
9 38
15 28
10 32
16 39
5 40
13 16
16 13
13 5
4 39
5 31
2 6
16 27
2 18
11 10
3 9
6 28
1 20
3 27
1 30
3 6
16 21
13 35
132 118

47 70
17
19 69
34 49
46 55
14 62
42 3
4 69
42 62
45 52
9 35
11 17
4 35
4 31
14 65
23 47
45 61
29 2
3 14
113 12

75 40
56
51 28
6 24
45 36
13 33
27 37
22 19
39 16
70 34
69 3
15 10
31 27
21 20
69 39
64 8
12 3
48 23
68 18
74 8
50 6
36 22
30 12
74 38
9 35
19 17
56 4
72 27
23 36
59 20
56 15
58 2
57 19
44 31
27 1
36 15
37 28
22 19
48 16
68 35
73 17
54 32
51 39
67 14
20 9
52 34
38 20
35 5
20 31
25 30
9 14
1 34
29 30
33 8
27 25
54 2
67 31
15 9
61 21

55 21
16
3 2
51 13
24 7
37 12
43 9
21 18
38 20
24 11
12 14
47 5
23 6
30 16
31 16
17 9
46 9
24 12
116 19

13 65
92
2 9
12 57
2 43
6 17
8 55
6 2
3 20
7 50
9 40
7 16
8 5
9 63
7 42
3 50
4 24
5 45
12 21
1 53
2 40
1 1
1 54
9 24
11 45
1 13
11 4
2 63
11 25
2 20
2 52
6 28
7 26
7 19
7 48
9 53
3 43
10 20
6 16
2 38
7 21
12 51
6 49
7 21
11 42
3 62
3 7
1 32
9 49
1 64
10 41
9 57
2 11
4 3
4 21
5 30
7 8
11 25
9 2
10 24
11 13
1 18
8 31
7 41
10 38
12 20
4 15
8 43
3 64
11 54
5 11
8 15
4 63
2 10
9 63
11 30
3 1
5 3
7 49
3 19
12 33
9 52
10 43
2 50
10 6
10 57
5 20
9 36
6 15
2 58
2 37
12 54
4 45
2 27
147 68
