6

16 46
76
11 5
12 17
14 25
15 20
8 42
14 11
12 42
6 3
5 19
14 19
6 7
8 12
6 17
1 29
8 41
8 16
13 5
0 4
15 42
3 39
13 39
10 25
10 24
3 45
5 35
6 32
13 13
9 21
15 31
7 29
15 28
2 33
7 18
14 14
5 42
8 21
0 39
9 33
13 0
6 27
10 38
4 1
11 6
5 24
6 33
13 36
12 38
14 24
7 30
2 0
4 31
9 34
9 9
12 42
11 11
1 40
12 43
9 16
9 42
11 35
0 12
14 19
13 38
0 17
15 29
9 31
1 19
1 32
14 17
5 43
6 35
8 2
12 44
14 34
4 35
12 9
447 181

14 37
100
5 12
9 31
2 35
9 27
1 34
3 32
6 34
11 24
8 1
13 33
8 21
13 14
6 30
13 4
6 2
4 7
11 24
4 4
10 29
10 20
5 7
9 10
6 36
2 14
6 15
10 0
13 20
1 4
10 29
3 1
8 17
1 23
1 14
8 21
2 30
0 12
0 6
12 29
2 31
7 5
9 17
13 20
8 32
8 15
6 31
13 27
12 26
0 32
5 0
0 30
7 14
1 23
5 23
3 26
5 27
1 36
2 33
8 25
4 11
5 18
5 18
7 6
10 9
11 23
5 8
13 21
6 7
4 7
10 12
0 23
11 34
7 20
13 15
8 20
8 10
8 11
12 15
11 13
12 6
1 22
9 2
10 3
8 11
4 26
12 29
1 20
12 19
4 14
7 1
6 33
4 31
0 22
5 10
5 22
1 34
6 29
12 15
2 33
2 15
0 34
1961 77

38 9
67
3 7
19 5
27 3
3 3
7 1
35 1
35 0
35 0
12 2
17 5
29 7
30 1
14 6
32 1
20 7
16 5
32 3
10 4
6 2
35 0
9 6
3 6
30 5
25 2
20 3
31 6
4 8
5 2
33 3
10 3
13 2
14 3
33 7
16 0
36 1
12 0
18 4
30 6
21 7
17 8
27 0
16 0
7 7
6 5
18 1
19 1
11 4
0 0
31 1
15 2
35 3
26 1
5 6
21 1
1 7
14 1
23 1
22 2
0 5
36 2
35 3
19 8
11 3
32 4
21 1
37 3
23 5
1831 88

27 40
112
23 13
10 18
4 22
8 37
20 17
8 10
15 21
22 39
20 1
11 12
1 12
3 1
20 11
24 16
17 28
9 3
13 11
22 6
4 21
21 24
7 13
5 28
16 1
15 3
20 16
7 18
4 0
17 27
1 36
22 20
5 12
0 11
13 4
4 20
26 29
9 11
14 27
11 19
13 21
26 39
8 15
0 10
4 32
20 21
21 22
1 2
11 29
25 34
24 9
24 7
16 9
25 28
17 1
21 34
15 30
15 2
3 39
11 28
24 35
14 14
15 39
12 11
11 16
24 11
1 23
5 35
1 36
20 14
12 11
20 11
15 22
25 4
24 24
20 16
24 22
15 35
14 19
6 37
9 23
11 20
24 37
24 3
18 21
10 17
9 24
23 23
20 29
3 31
25 19
12 17
15 22
1 31
4 37
10 22
13 1
7 16
3 18
9 35
8 17
16 0
26 29
7 18
10 35
10 18
5 23
14 10
18 23
18 7
11 9
11 7
0 11
8 34
153 172

40 17
28
38 0
22 12
13 9
10 8
31 14
9 11
20 9
7 5
7 6
4 0
30 4
6 12
39 5
28 4
12 10
23 10
20 1
25 12
31 12
34 13
35 13
5 8
37 14
33 12
29 13
12 15
15 7
11 5
1083 69

16 48
149
10 41
5 38
7 35
0 6
13 1
13 44
13 32
1 46
11 43
9 36
3 21
4 20
10 5
6 42
15 3
14 33
6 9
11 7
7 34
1 16
1 40
9 7
10 33
1 1
4 14
10 29
11 12
6 2
4 31
7 36
6 19
11 37
3 29
9 13
0 46
4 33
0 17
1 18
11 9
4 43
1 17
8 6
12 17
14 42
7 6
5 47
0 40
15 10
12 32
15 9
8 17
2 29
7 37
7 27
8 39
6 47
8 20
6 37
9 39
10 39
5 7
9 5
15 19
15 8
15 47
4 19
3 4
1 24
12 24
14 28
15 8
14 36
2 32
14 46
5 22
3 8
3 2
10 15
7 15
9 23
12 12
13 17
11 40
6 4
10 33
9 9
11 35
10 33
0 6
15 28
1 1
1 43
10 26
9 23
7 38
8 34
8 20
7 7
14 17
5 39
9 1
13 15
6 39
8 10
1 45
1 42
5 42
14 16
1 25
12 33
14 13
5 9
10 0
3 16
12 2
10 28
6 31
9 22
5 38
9 45
14 47
1 19
11 36
1 0
4 9
0 31
7 37
4 24
15 43
13 17
12 47
1 36
0 20
3 29
3 35
1 14
2 31
9 21
12 41
9 29
8 19
15 36
10 25
5 6
3 12
12 35
7 5
9 14
9 20
374 18
