15

9 15
13
1 3
4 5
7 13
1 10
1 13
2 7
3 11
2 2
3 2
0 1
8 3
7 10
6 7
18 3

2 18
12
1 4
1 6
1 13
1 12
1 14
1 0
1 11
1 2
0 4
0 5
1 10
1 15
16 4

15 21
14
9 15
6 0
1 4
8 3
9 6
8 2
8 0
0 13
0 2
8 5
4 13
13 10
11 2
13 6
8 4

6 6
5
2 2
3 4
0 5
2 5
4 5
5 5

4 4
5
2 3
1 3
0 0
0 3
1 0
18 3

7 6
12
4 5
0 3
2 5
5 0
2 2
2 1
2 4
4 3
5 1
6 4
6 2
3 0
5 4

10 17
42
8 3
9 10
3 1
7 15
6 2
8 7
1 10
4 1
9 15
0 15
7 2
5 14
6 7
3 15
3 6
2 6
1 7
8 16
1 13
2 0
1 4
6 3
4 10
0 9
4 3
8 14
9 2
7 1
9 1
3 14
1 11
4 8
1 1
7 9
0 16
8 6
1 12
4 16
7 8
9 12
7 12
2 2
16 4

12 22
127
6 19
7 9
10 16
9 14
2 20
10 9
3 10
4 14
6 18
4 16
2 3
11 2
4 0
11 14
5 0
1 18
0 17
4 8
11 13
5 18
11 8
1 12
10 6
0 20
0 14
7 8
8 4
11 9
8 10
1 10
4 15
7 16
8 3
8 9
2 13
4 3
11 4
8 16
3 12
1 14
0 3
5 14
6 3
9 13
10 11
10 21
5 8
7 2
6 14
11 21
5 6
3 3
6 5
3 2
9 1
4 11
6 16
7 19
8 18
3 9
8 15
7 7
10 2
5 13
2 0
1 2
11 0
9 18
7 5
9 19
7 13
10 19
9 17
0 7
6 10
5 2
10 8
3 6
10 5
11 6
4 6
1 0
7 15
2 11
1 21
11 11
8 12
1 9
6 0
3 15
11 1
9 20
1 13
1 7
3 8
11 15
8 5
1 4
11 5
5 17
9 21
7 0
0 2
0 5
7 20
2 2
3 13
2 1
3 17
8 0
3 19
3 20
8 20
7 1
9 9
10 14
8 7
2 7
4 18
5 21
2 17
0 21
0 19
5 3
2 12
2 6
9 2
12 4

5 25
30
3 12
0 12
1 1
1 16
4 9
2 4
1 14
2 12
1 15
0 0
2 0
2 2
1 23
2 18
3 3
4 0
0 24
2 21
2 20
4 8
1 0
3 13
2 16
4 14
2 6
0 10
1 21
3 20
0 7
0 13
20 4

4 17
3
0 1
1 8
1 16
6 5

10 22
18
6 18
3 3
8 19
4 9
0 14
9 20
5 10
6 11
7 6
1 17
9 2
9 19
3 6
0 15
9 7
7 1
6 9
6 13
13 3

6 17
20
2 2
1 14
0 2
0 11
1 10
4 14
2 8
2 5
4 0
1 13
5 4
5 0
3 13
5 8
2 12
5 1
4 9
5 13
0 9
0 8
17 5

8 24
24
4 13
5 7
6 3
1 22
3 8
5 9
7 3
2 1
1 11
6 15
2 11
3 7
3 19
6 2
2 4
2 23
5 8
1 1
1 10
1 8
5 21
7 22
4 14
4 22
20 3

11 3
14
7 0
9 0
9 1
7 2
8 2
10 1
1 0
8 1
5 0
2 1
0 0
6 0
10 0
2 0
10 5

3 11
8
0 2
1 9
0 7
0 5
2 5
2 6
0 3
0 6
8 3
