15

44 49
39
34 26
35 29
31 26
19 32
34 33
23 5
2 11
8 17
35 35
37 32
13 9
42 26
3 13
6 37
0 6
11 19
3 18
40 43
8 26
11 1
5 6
9 37
21 4
32 18
4 29
23 25
34 16
41 47
0 19
4 32
21 6
25 3
11 12
1 3
41 46
21 1
30 44
2 19
14 25
5 1

22 30
82
12 22
10 9
20 5
6 17
15 12
9 22
14 10
5 17
1 15
11 14
17 10
3 16
18 22
12 10
11 4
6 27
14 12
3 5
14 8
18 17
4 27
0 6
18 9
10 25
1 3
18 5
20 4
15 29
8 25
21 10
7 9
5 6
19 23
0 12
15 11
6 6
18 9
7 19
4 7
20 1
9 13
13 13
21 6
18 1
1 24
1 24
8 13
2 28
17 25
3 10
6 27
8 0
18 0
8 7
12 5
3 22
15 25
6 14
20 5
11 4
0 6
1 28
4 19
13 17
10 19
17 27
1 29
4 6
15 28
0 7
0 11
9 1
5 17
3 6
13 16
21 1
8 18
15 8
19 19
10 10
21 13
10 24
5 1

26 46
168
2 36
9 24
14 33
9 11
16 35
20 41
8 19
22 25
6 0
7 32
16 43
8 20
6 6
15 21
4 20
22 6
14 7
15 30
23 1
3 0
18 7
13 39
2 37
4 16
10 26
20 45
0 39
16 44
7 38
16 19
11 33
0 41
22 3
0 26
19 34
2 6
0 30
5 40
2 36
12 34
6 2
7 30
13 8
18 30
10 34
6 24
21 42
6 9
3 28
19 21
22 10
9 5
6 45
24 10
12 24
18 12
11 15
0 9
7 20
12 15
25 42
9 6
19 0
12 29
15 3
22 15
8 15
3 5
4 35
1 43
10 33
3 40
0 1
16 11
12 7
7 9
14 9
22 35
2 26
19 29
15 8
21 19
19 15
11 27
5 39
5 45
5 37
5 5
4 39
21 34
25 11
17 41
14 2
16 9
4 14
9 28
15 29
16 16
14 15
7 39
20 27
15 10
5 22
13 28
0 31
22 8
24 7
8 41
2 28
11 21
3 24
17 19
12 30
1 15
13 36
25 15
17 17
0 17
3 19
17 41
13 22
7 41
14 27
1 25
9 44
20 40
9 36
6 25
2 6
11 14
21 35
9 34
7 29
15 13
24 13
24 5
10 16
4 37
19 11
5 25
0 39
13 45
21 7
16 2
1 20
9 37
24 24
9 30
21 25
3 18
21 27
18 4
3 28
4 1
15 7
10 7
9 35
22 38
15 7
12 7
6 44
13 35
5 33
15 0
20 11
2 32
14 22
3 16
8 1

40 25
147
1 22
12 24
25 19
32 23
22 19
12 24
19 0
34 7
13 10
11 15
14 7
5 10
29 1
9 14
30 20
18 2
0 1
16 16
34 20
34 2
39 7
7 17
19 0
38 22
2 23
15 3
19 23
29 5
21 9
11 17
32 18
5 20
17 15
3 0
25 7
7 9
31 11
19 10
18 10
22 13
29 11
0 14
6 24
34 4
8 5
27 22
38 15
17 1
11 19
24 22
16 20
23 21
27 7
27 1
18 17
15 5
11 13
34 2
2 16
31 8
28 22
17 4
3 15
38 18
17 11
15 2
34 0
15 7
22 22
30 15
20 15
18 7
28 5
38 16
26 2
24 24
1 8
31 4
24 9
25 0
26 24
5 20
16 15
36 11
38 18
11 10
28 6
14 11
21 19
0 24
4 21
10 4
31 3
2 20
33 10
8 23
13 22
27 18
10 4
0 5
28 11
20 7
18 11
4 17
26 24
9 10
0 22
39 12
19 1
8 9
16 5
1 1
27 0
0 18
13 2
0 13
14 8
38 2
8 18
26 13
15 24
19 4
19 13
26 16
19 13
1 12
35 0
13 21
25 4
14 7
4 19
18 5
6 16
5 22
7 24
22 5
7 18
13 22
38 11
11 1
8 10
19 4
2 14
16 19
38 13
7 8
26 23
12 1

38 7
111
17 2
21 5
32 1
20 2
5 6
35 0
9 3
8 3
25 0
19 6
25 4
12 2
33 5
2 0
17 5
22 3
30 3
6 4
6 2
23 1
26 1
34 2
5 6
24 6
5 2
24 5
24 5
15 3
18 3
1 6
10 1
32 2
36 4
36 4
36 5
10 5
13 6
21 0
29 2
11 0
17 1
35 3
22 0
35 4
5 4
7 4
6 5
29 3
20 2
15 1
17 4
25 2
0 5
2 3
35 3
19 3
24 6
14 6
2 3
23 5
11 6
26 1
28 3
9 2
33 4
37 0
0 4
12 6
9 5
4 2
37 5
34 2
34 4
9 2
7 3
29 1
3 5
35 1
25 1
2 1
23 1
17 0
26 5
2 2
1 6
17 5
21 0
14 1
16 0
26 5
27 0
15 0
36 3
23 4
3 3
7 0
33 3
20 3
1 0
1 6
15 6
27 0
28 1
32 0
12 4
27 5
24 1
28 1
22 3
6 6
29 6
9 1

36 4
117
11 1
19 3
35 3
8 1
20 1
14 1
14 0
25 3
13 1
4 2
34 3
10 0
15 1
26 2
2 3
0 3
8 1
6 1
9 0
20 2
1 1
29 1
27 2
24 0
26 0
32 1
30 0
28 2
31 1
2 0
30 1
17 2
2 0
9 3
26 0
1 1
33 2
27 0
33 3
10 3
21 2
33 3
16 1
32 3
8 1
21 1
7 0
35 1
5 0
25 0
2 2
0 2
31 1
4 0
9 3
11 3
11 1
25 3
26 2
1 3
29 2
2 0
27 2
12 1
28 2
10 3
0 3
33 2
35 2
3 3
5 1
4 3
31 2
15 2
32 0
2 3
27 0
14 2
18 3
7 1
12 1
18 0
12 0
12 0
1 3
26 3
17 3
14 1
32 1
15 3
22 1
21 3
8 3
22 2
19 2
34 1
13 3
9 3
11 1
25 2
0 1
16 1
23 3
8 0
1 3
5 0
2 0
11 1
8 1
35 2
24 0
23 2
26 2
25 2
9 0
4 3
25 2
12 1

18 31
193
16 30
13 11
0 15
1 16
8 14
0 23
16 14
17 12
10 18
1 2
14 11
5 2
9 2
0 25
0 8
10 28
6 22
8 17
3 24
1 12
12 23
5 28
9 7
10 8
13 20
15 9
11 30
7 4
14 16
15 1
1 27
2 8
0 18
14 21
3 28
7 15
1 14
15 11
16 17
9 1
5 23
3 16
6 18
14 16
8 3
1 16
9 22
15 29
11 1
13 30
12 20
11 14
14 14
8 3
10 19
5 16
2 14
10 8
17 2
6 23
14 23
2 22
3 4
10 8
14 4
9 1
13 6
14 7
13 16
5 1
5 7
1 13
6 29
15 6
0 13
2 21
6 30
12 5
6 26
3 9
6 4
12 12
3 10
15 12
16 29
17 11
6 0
4 22
1 28
13 19
5 23
4 27
8 17
1 2
17 8
17 0
3 19
4 2
16 29
4 12
16 4
9 30
12 17
9 2
7 20
13 3
13 4
13 20
15 14
3 2
11 8
4 3
15 26
3 16
14 1
3 28
17 24
17 12
10 12
15 19
5 16
16 9
3 12
2 18
10 29
16 1
7 6
7 26
3 8
15 29
8 3
11 4
4 21
4 12
3 14
4 16
4 24
11 1
3 18
9 24
8 7
3 10
6 12
11 21
6 29
6 12
14 8
0 28
5 24
10 13
0 23
13 12
2 13
13 21
8 18
16 19
8 4
11 19
9 6
9 10
4 12
11 16
1 11
15 9
4 28
10 14
2 2
15 17
12 19
13 17
5 14
15 26
6 3
2 10
10 5
2 13
17 8
3 1
9 26
3 26
2 27
11 8
7 1
0 8
10 1
14 9
17 15
11 12
2 8
12 9
3 16
8 25
1 10
13 1

17 30
20
0 28
12 26
13 20
9 11
14 23
8 0
0 9
11 5
10 17
13 8
4 14
3 11
15 20
14 18
16 29
8 10
5 21
10 9
15 24
9 25
9 1

35 6
92
20 0
17 5
31 1
20 5
20 5
1 5
26 2
9 0
10 2
6 0
28 5
34 4
7 3
12 1
7 5
28 1
2 0
12 4
34 4
26 3
6 3
5 1
23 3
31 1
23 2
23 4
16 5
28 2
22 1
26 5
13 5
9 1
14 3
2 1
6 5
1 4
13 1
23 2
24 3
26 3
28 1
21 0
5 3
23 2
8 5
21 2
12 3
11 4
0 1
22 1
21 5
8 1
26 5
30 4
31 0
10 3
25 4
4 2
14 4
26 1
4 4
33 3
33 5
10 1
23 0
19 1
25 4
30 3
1 5
23 5
14 0
0 1
15 3
21 1
23 0
18 2
7 1
14 3
30 4
33 4
27 4
32 2
6 5
20 1
10 5
15 3
8 1
34 0
13 0
6 0
28 2
13 0
7 1

10 24
189
7 0
1 5
5 6
6 16
9 5
1 5
9 23
4 17
7 23
6 14
2 6
8 20
4 23
6 12
7 2
5 11
0 11
6 16
8 8
6 9
0 19
7 18
1 1
7 15
1 23
0 12
6 0
2 10
1 22
5 4
1 6
8 17
6 16
7 15
5 3
2 4
3 22
8 22
2 13
6 12
2 6
1 14
9 7
8 2
3 1
6 0
3 18
0 9
3 1
8 23
5 22
8 21
3 10
1 7
9 5
0 11
9 3
8 8
1 12
0 8
5 2
4 22
5 2
4 8
1 6
2 4
8 19
4 11
7 15
6 22
9 20
8 23
7 12
2 20
0 8
4 18
1 20
3 14
2 16
6 4
9 3
0 21
6 18
6 7
6 5
1 16
0 5
5 12
0 3
4 18
2 6
8 6
0 22
6 16
7 15
9 7
5 7
1 1
6 19
6 6
9 2
8 6
0 21
5 8
3 22
7 23
7 9
9 13
2 16
5 4
8 16
7 10
2 14
7 22
6 3
5 19
9 4
1 19
2 5
1 23
2 6
4 15
8 23
4 15
5 21
7 18
2 0
9 0
4 10
7 18
8 23
7 16
9 15
9 4
3 9
7 13
2 15
3 22
9 21
0 12
1 18
6 3
9 19
7 22
2 13
7 5
4 4
3 7
1 18
4 2
9 5
8 5
2 16
4 1
7 8
3 13
4 18
3 15
8 19
1 14
0 1
1 21
9 23
4 19
6 10
7 10
8 16
5 2
1 12
6 7
5 2
1 13
4 16
6 21
0 10
2 13
7 2
8 11
2 7
1 23
3 12
5 1
6 8
4 4
6 9
7 1
4 1
5 22
8 5
5 1

11 18
72
9 2
8 9
2 2
9 16
9 8
1 12
7 14
10 14
0 2
2 15
7 12
5 16
4 6
10 8
5 0
5 1
2 8
4 9
6 14
8 12
4 6
3 14
8 14
7 3
3 8
5 12
4 6
2 17
10 1
3 14
1 1
2 8
8 9
6 7
3 0
2 11
5 16
0 7
10 4
10 13
3 14
2 11
8 7
5 2
0 14
2 2
8 9
3 5
4 10
8 12
0 14
0 11
3 4
5 2
6 0
0 5
3 14
9 1
1 13
7 6
9 8
5 5
9 9
2 15
4 0
2 10
2 13
5 17
0 14
9 5
2 8
2 17
11 1

23 48
41
6 36
0 38
4 14
21 29
7 18
5 10
6 29
15 17
18 1
14 7
20 2
4 39
9 13
14 42
18 7
7 31
1 45
7 27
19 21
18 30
2 13
8 0
11 39
10 32
10 18
21 32
12 15
16 10
9 30
8 6
18 31
2 35
9 7
21 26
20 32
1 40
16 10
6 20
2 37
3 10
16 7
11 1

39 18
185
16 10
27 10
22 6
31 16
20 5
26 16
31 0
35 16
24 8
20 1
9 7
37 7
22 2
20 4
2 3
27 4
8 3
2 1
29 14
29 17
33 0
16 4
24 9
28 11
19 17
38 4
10 1
20 17
8 8
1 3
25 14
14 14
11 10
1 2
23 14
35 2
2 1
15 13
37 5
4 1
17 16
6 3
7 0
8 3
9 11
33 5
21 12
37 3
25 4
3 1
9 13
15 9
35 1
11 7
22 17
13 0
25 5
0 0
20 1
18 11
33 10
9 16
17 1
24 17
12 5
13 3
24 17
5 14
5 9
21 9
26 14
2 3
15 5
2 10
38 17
4 5
9 14
13 10
32 15
0 10
31 5
28 17
22 3
10 3
4 1
29 3
25 4
33 4
30 5
6 16
28 9
8 6
20 8
30 2
31 15
11 12
2 0
22 9
13 1
31 5
17 10
1 9
10 7
20 14
22 7
7 5
16 1
36 5
18 16
14 1
8 1
35 5
27 15
11 2
23 1
13 17
12 13
26 7
26 16
1 11
32 16
2 15
9 12
4 9
4 9
19 17
27 11
4 9
3 12
31 9
3 16
14 4
22 17
24 4
27 13
24 2
7 7
15 5
25 3
17 8
14 14
8 2
32 16
32 1
18 5
17 10
19 11
6 15
33 4
1 9
15 4
16 8
37 4
3 10
6 8
37 13
5 14
7 15
18 16
14 16
16 1
15 7
20 3
18 17
7 17
13 1
19 5
5 13
19 14
14 14
30 9
38 14
5 8
31 5
32 2
28 6
10 7
15 15
5 7
17 16
1 11
10 8
16 0
28 6
27 15
5 1

7 10
185
4 0
0 9
3 7
3 2
5 6
6 4
6 0
6 2
6 5
0 2
4 3
4 5
3 3
3 4
5 7
4 3
0 1
3 0
5 3
2 3
5 5
3 2
4 8
1 6
2 4
0 8
0 2
3 2
5 1
1 8
1 2
3 2
2 5
1 0
0 0
1 5
0 9
5 0
6 6
1 5
2 1
3 7
1 3
0 2
3 3
6 9
0 2
4 4
1 4
6 3
1 6
3 5
3 1
4 5
4 4
1 6
4 9
0 1
1 1
1 2
1 2
1 3
3 1
1 8
1 9
6 5
3 3
2 4
4 2
2 2
6 1
4 1
1 9
4 5
5 6
2 0
3 3
1 8
3 6
0 7
0 9
2 8
6 1
4 3
1 5
0 3
2 7
6 0
6 7
5 0
2 2
4 1
5 6
1 3
1 7
5 4
1 8
6 7
2 8
4 8
6 2
5 8
2 4
5 2
1 1
1 4
3 2
0 2
2 1
4 9
4 1
0 2
2 3
1 7
3 1
6 2
0 6
0 4
0 4
3 7
3 6
0 5
5 4
3 1
1 6
2 4
2 0
1 7
2 9
2 0
6 3
4 8
0 8
6 4
5 4
0 2
1 0
2 3
0 1
2 3
1 4
6 8
5 0
1 6
6 8
1 2
2 7
4 8
0 0
1 7
6 8
5 0
5 6
6 8
3 1
3 5
0 1
2 1
5 1
5 0
4 3
4 0
2 1
0 6
3 3
3 6
2 6
2 3
3 1
4 6
5 9
6 6
6 8
6 2
5 8
1 6
4 2
5 8
1 8
1 2
3 4
4 1
0 5
4 5
1 1
11 1

12 2
181
2 1
1 1
7 0
3 1
11 0
11 1
1 1
7 1
6 1
11 1
1 0
8 1
11 1
6 0
5 1
5 1
9 0
5 0
1 0
5 1
4 0
0 1
5 0
3 1
5 0
11 0
11 1
8 0
6 1
2 1
5 0
6 1
10 1
0 0
0 0
2 0
4 0
0 0
1 0
6 1
6 1
0 0
3 0
2 0
11 1
8 0
10 1
9 1
11 1
11 0
9 1
3 0
1 0
8 1
9 1
6 0
11 1
6 1
9 0
2 1
2 0
3 1
8 0
4 0
4 1
11 1
2 0
0 1
0 0
5 0
11 1
9 0
4 0
1 1
1 0
7 1
8 0
8 0
7 0
10 0
0 1
7 1
6 1
6 0
7 0
10 0
10 1
8 0
3 0
2 1
11 1
11 0
10 0
11 0
6 1
5 0
10 0
10 0
8 0
6 1
0 1
1 1
9 0
7 0
7 1
4 1
8 0
0 0
8 0
11 1
4 0
9 1
3 1
10 0
6 0
8 1
5 1
7 0
7 1
4 0
0 0
7 0
6 0
7 0
10 1
7 0
10 0
10 0
8 0
4 0
4 1
3 1
3 1
3 0
3 1
5 1
10 1
5 1
7 0
1 0
7 0
7 0
7 1
11 0
1 1
1 1
10 1
2 1
9 0
4 0
10 1
7 1
0 0
7 0
0 0
1 1
3 1
1 1
2 0
3 1
4 1
11 0
10 0
9 1
7 1
4 0
2 0
11 1
3 1
0 0
7 0
2 1
2 1
3 0
2 0
4 1
0 0
10 0
0 1
9 0
5 1
11 1
