11

20 20
50
4 3
0 7
7 18
8 15
8 7
16 8
11 15
9 2
19 3
17 13
13 13
19 9
8 5
7 10
4 14
0 10
15 16
1 14
11 7
17 3
13 12
17 10
14 1
12 7
5 12
16 12
8 7
1 7
17 8
19 7
4 15
4 7
19 3
6 3
9 2
5 16
16 17
9 10
1 10
19 3
6 2
1 7
1 9
11 19
19 0
10 12
1 11
18 11
3 8
12 2
20 1

20 20
50
16 18
8 11
3 3
12 16
0 19
17 13
4 7
9 8
16 16
4 15
17 14
15 11
9 11
2 16
17 8
0 10
13 0
13 9
6 7
2 9
13 7
10 11
9 2
18 10
19 1
4 1
11 16
8 8
19 17
4 15
5 0
10 17
7 15
19 13
4 10
7 7
3 19
2 7
19 1
9 15
16 14
13 11
18 19
17 5
13 2
12 0
17 14
17 0
18 18
13 18
20 1

20 20
50
2 7
11 4
6 12
5 4
3 2
19 13
5 5
4 7
14 9
18 16
18 11
16 15
13 15
17 12
14 10
3 3
12 16
8 13
14 11
14 11
0 17
15 11
11 12
0 9
6 11
18 15
9 6
13 19
3 18
16 5
4 0
5 9
12 5
12 11
12 2
0 17
9 12
17 19
7 18
0 2
17 19
4 16
12 15
15 10
18 7
19 15
8 12
1 3
14 9
19 7
20 1

20 20
50
15 16
17 9
17 3
3 17
16 4
5 11
15 14
13 0
2 5
7 19
5 19
13 11
14 15
0 4
10 6
12 4
15 0
6 17
0 5
19 9
5 0
13 2
6 8
9 19
9 8
9 6
3 7
7 6
1 19
6 18
14 8
8 12
4 6
13 2
19 19
15 15
15 8
0 10
10 7
9 12
10 1
15 5
13 1
4 7
8 17
7 14
13 19
16 3
13 7
1 13
20 1

20 20
50
15 12
8 0
6 19
2 6
6 6
2 3
6 17
8 2
3 0
11 8
3 12
13 8
4 5
14 15
6 7
16 1
9 16
6 17
18 10
4 12
0 7
12 4
1 2
14 16
1 1
19 7
5 7
18 12
14 16
16 11
11 19
15 10
15 13
17 19
6 11
15 6
15 15
5 6
10 14
4 12
0 17
4 18
0 4
6 4
7 7
19 1
18 4
17 0
5 5
11 18
20 1

20 20
50
4 8
6 3
16 13
17 7
10 7
16 19
18 4
2 14
18 2
1 9
9 16
19 5
3 10
3 5
9 13
14 10
2 5
14 6
5 8
0 18
15 4
6 5
7 8
13 5
13 3
7 18
12 4
11 7
0 6
15 10
17 15
18 14
14 14
14 4
14 11
13 0
19 7
6 18
11 14
7 18
13 9
4 1
8 11
14 9
9 19
8 15
4 11
11 13
19 6
6 10
20 1

20 20
50
17 18
1 16
1 3
3 15
1 12
4 19
13 13
2 15
16 5
18 13
0 3
0 8
5 17
11 8
10 17
4 7
8 14
15 4
15 6
1 11
2 13
3 7
10 19
5 7
16 6
1 7
12 13
12 14
7 19
11 18
19 0
10 17
3 14
19 15
9 6
16 15
2 0
14 5
6 15
13 12
18 6
10 16
5 14
7 17
17 11
19 9
16 7
9 1
11 7
7 16
20 1

20 20
50
5 8
8 0
5 3
19 2
16 0
0 2
9 3
1 17
15 4
3 4
3 6
17 10
6 12
2 14
2 10
12 1
5 8
3 13
14 14
14 18
1 18
3 3
17 12
12 4
8 9
1 14
9 3
8 3
14 19
4 14
12 9
15 2
0 0
18 6
8 13
18 10
7 5
12 8
18 5
18 6
6 0
5 10
11 4
2 12
18 15
10 9
18 8
10 8
11 7
10 18
20 1

20 20
50
19 14
5 13
0 13
6 1
15 18
9 8
17 14
4 4
0 14
2 5
1 13
19 19
14 16
14 8
6 13
13 5
4 0
3 15
4 18
17 7
18 18
16 19
7 3
2 13
6 7
14 11
12 9
15 6
18 17
7 4
8 6
16 0
0 19
17 2
6 2
13 2
10 18
17 16
19 7
7 15
13 17
0 13
10 19
1 11
14 6
14 17
8 3
13 14
15 10
0 12
20 1

20 20
50
15 10
13 16
15 15
18 13
18 13
12 0
13 16
5 15
17 5
5 14
11 18
8 13
15 19
5 0
13 10
3 4
5 19
1 8
17 0
8 5
16 12
15 10
11 8
17 3
7 1
8 19
17 2
9 19
5 2
5 10
10 6
16 2
5 7
10 0
19 19
3 13
12 14
9 2
8 3
0 4
13 11
18 5
7 8
15 0
2 13
10 5
12 16
7 19
7 13
3 9
20 1

20 20
50
6 15
19 16
4 13
14 18
17 1
13 19
6 0
12 19
0 11
8 5
11 12
12 1
0 8
17 4
5 14
14 4
1 5
5 4
17 13
15 1
15 12
6 5
10 10
15 2
10 4
18 9
12 9
4 17
0 12
7 1
19 13
14 7
16 0
3 4
10 1
4 11
9 16
7 7
13 15
12 7
5 13
18 19
7 15
19 1
16 14
3 6
1 13
1 6
16 3
10 1
20 1
