10

10 15
82
4 13
0 1
0 7
2 8
6 11
6 1
9 11
7 4
7 2
2 1
4 0
1 1
9 12
9 9
3 9
2 7
3 13
9 5
3 8
8 1
5 1
0 12
2 5
2 4
0 12
0 8
5 14
5 1
0 3
1 9
1 5
3 14
8 4
2 2
0 10
1 4
9 10
4 11
2 4
8 10
0 13
8 1
3 5
5 2
9 4
2 11
8 2
6 9
6 9
6 0
2 12
4 9
8 11
3 5
9 12
9 1
8 4
8 8
1 11
9 2
9 7
0 10
2 0
0 14
3 9
5 7
5 3
8 5
3 6
5 4
5 12
3 9
8 7
0 11
3 14
0 14
1 14
9 9
5 2
3 8
7 9
6 12
18 1

24 12
135
11 7
14 5
4 7
14 8
12 8
21 3
22 10
6 1
17 9
14 6
10 9
19 5
7 7
20 1
8 6
19 11
20 7
12 0
15 2
1 1
16 6
7 9
21 9
11 0
8 5
18 0
18 8
5 7
21 3
3 4
23 1
18 10
4 1
22 4
8 9
13 9
17 4
16 8
13 3
6 2
23 0
7 10
3 1
1 8
12 11
6 10
18 7
9 5
5 7
5 10
22 2
21 1
20 0
22 9
15 1
8 2
1 7
2 10
3 5
6 6
23 5
0 10
22 3
18 10
8 8
14 9
7 5
18 6
6 1
10 10
14 2
14 11
11 4
3 11
2 4
22 10
11 11
4 9
12 6
23 10
12 0
15 5
18 8
5 4
16 6
3 2
14 11
20 6
17 10
21 2
18 0
11 1
13 9
12 5
2 11
8 7
1 11
6 9
11 5
21 6
9 11
5 4
3 1
17 5
1 11
6 5
8 10
6 4
14 5
22 10
18 4
6 5
6 3
21 2
0 2
18 6
16 1
10 9
17 4
4 7
18 0
7 6
9 8
8 6
7 0
3 0
16 9
8 1
5 3
13 2
2 10
13 4
5 8
17 8
18 5
5 1

29 15
98
10 5
25 2
22 3
19 2
3 6
12 12
23 13
13 0
5 0
24 9
12 2
16 10
0 10
24 0
23 11
6 11
13 7
10 5
26 2
0 4
15 8
9 0
17 10
20 10
2 6
9 12
1 0
0 9
8 11
17 9
1 2
2 9
9 7
18 8
8 1
14 11
4 6
22 5
28 3
6 9
28 3
28 10
2 10
1 7
21 2
0 4
17 2
6 10
8 1
25 6
12 2
4 10
12 0
17 1
2 11
14 11
16 7
7 6
25 3
2 1
15 3
23 2
0 2
8 5
28 7
23 1
22 11
27 9
24 6
19 9
21 3
0 12
15 8
3 2
15 7
3 14
17 9
28 3
8 1
2 5
1 1
13 12
10 8
25 1
1 5
21 11
28 14
2 7
8 9
9 10
2 12
11 1
21 4
25 7
3 0
11 1
16 9
10 5
18 5

32 2
45
1 1
6 1
1 0
17 1
19 1
31 1
23 0
30 0
5 0
18 1
29 1
23 1
25 0
27 0
23 1
8 1
19 1
0 0
12 1
24 0
19 0
13 1
28 0
18 0
18 1
27 1
28 1
6 0
7 0
7 1
14 1
14 1
18 1
3 0
20 0
20 1
21 0
5 1
20 1
25 1
2 0
31 0
8 0
29 0
2 1
17 5

27 30
154
21 27
12 15
8 8
26 19
5 18
21 16
10 17
12 11
15 1
24 15
20 11
21 21
8 14
15 2
14 17
15 29
2 12
10 22
15 28
1 28
23 19
9 28
26 19
24 15
18 5
21 29
14 18
26 8
12 3
5 7
5 8
2 5
2 23
6 15
9 26
8 7
16 4
11 7
9 0
21 0
10 24
17 2
9 7
17 13
12 20
19 3
5 23
0 20
23 5
9 2
20 17
26 1
23 25
6 11
9 13
26 19
14 26
14 23
12 29
11 21
11 14
19 0
5 20
26 15
22 25
9 13
12 3
3 18
24 14
26 22
20 13
17 23
25 24
6 4
22 5
20 1
22 20
23 2
8 10
22 0
1 6
25 21
1 24
22 20
22 16
14 4
24 2
9 0
10 1
18 7
14 25
8 19
8 25
22 8
0 15
9 5
22 8
22 13
25 6
18 20
13 1
14 16
5 29
5 3
25 16
25 18
13 19
5 2
5 18
24 8
8 10
26 26
8 11
14 3
3 3
20 23
16 11
7 1
12 26
23 0
19 14
0 3
23 12
24 16
21 21
16 18
20 12
17 1
16 3
17 29
20 14
16 19
5 21
2 22
18 27
1 5
5 2
24 9
1 20
19 10
14 8
18 4
7 14
1 3
19 20
21 4
26 14
15 3
20 9
20 28
19 21
8 11
0 13
17 21
16 2

14 21
116
12 18
6 7
12 12
1 10
6 18
12 19
13 20
3 9
10 5
12 5
13 9
1 4
13 19
6 1
9 16
9 4
12 13
0 11
7 19
7 6
10 14
8 15
9 3
13 7
5 18
4 9
6 6
2 4
6 14
8 5
0 8
5 1
8 17
9 11
0 9
4 1
7 20
4 0
1 7
4 16
2 6
2 2
12 4
8 6
13 12
3 1
0 18
3 20
8 14
11 14
4 2
5 6
2 8
4 5
12 16
8 3
6 18
1 9
1 3
8 0
12 8
6 6
12 12
5 1
3 0
12 6
11 10
8 5
8 1
13 9
11 0
5 20
13 11
8 13
10 3
1 10
6 18
2 9
4 15
7 6
5 8
2 19
4 14
6 17
9 11
0 18
8 17
9 18
6 16
8 6
5 17
7 8
5 0
7 20
7 18
10 1
8 19
9 8
12 0
6 3
5 6
9 19
2 7
0 16
1 6
13 19
10 2
4 2
13 8
4 10
13 15
10 17
5 20
9 16
5 13
9 2
2 4

4 24
7
3 13
2 9
0 13
1 18
2 10
3 15
0 5
1 4

19 14
120
17 11
10 8
4 7
4 2
18 8
11 0
17 5
0 7
7 8
10 2
1 9
10 10
13 6
1 7
8 5
3 10
12 12
18 4
8 2
9 2
0 6
10 4
10 2
4 6
6 1
12 9
13 11
6 6
4 11
17 13
11 7
3 8
6 9
0 9
2 5
10 10
15 2
9 2
18 10
16 8
4 9
13 10
9 5
5 13
15 9
6 12
8 13
3 5
14 3
7 11
8 5
16 1
9 13
4 4
2 8
15 11
9 10
16 5
8 13
4 7
14 6
2 4
16 10
9 1
7 9
9 7
3 6
8 6
8 0
4 8
0 0
9 2
6 2
8 4
8 13
14 7
2 11
2 11
10 5
14 5
14 13
3 11
15 5
16 8
8 13
2 8
5 13
14 2
14 2
4 1
7 13
7 11
7 2
5 13
7 7
0 1
16 13
1 13
10 2
16 1
8 6
9 1
1 4
12 12
16 10
0 1
10 10
5 5
13 4
4 5
0 1
7 13
0 7
5 10
7 4
3 9
12 13
11 7
9 3
3 4
19 5

7 13
43
1 4
6 9
0 8
0 8
1 5
6 0
2 0
5 2
3 8
4 10
5 5
0 9
2 5
1 5
2 12
0 11
5 9
2 11
4 10
4 8
4 4
5 5
6 2
3 11
6 0
5 11
3 2
3 10
4 4
4 6
6 11
4 7
5 8
0 1
3 11
6 6
4 0
2 8
5 0
2 1
5 9
4 10
5 2
18 3

13 2
23
4 0
11 0
5 1
2 1
9 0
2 0
11 1
10 1
5 0
12 1
1 1
7 0
1 0
7 1
12 1
1 1
5 0
8 0
5 0
12 1
12 0
6 1
12 1
5 1
