5

90 30
50
60 14
74 16
12 13
53 12
44 2
4 24
32 17
59 15
48 29
36 25
33 21
55 4
22 4
43 10
85 14
6 25
28 13
41 2
56 26
44 10
59 19
56 1
88 18
47 8
47 15
3 12
66 20
9 21
24 22
53 19
66 21
36 26
64 9
59 22
5 5
3 26
76 21
28 6
9 7
44 19
82 9
61 20
81 10
33 7
32 26
86 0
18 24
27 14
33 18
37 1
46 37

98 23
9
61 9
39 16
31 14
58 5
31 22
30 0
68 11
40 21
2 2
17 14

43 16
14
34 8
6 1
37 14
33 2
3 12
28 8
33 9
22 11
31 4
31 10
21 5
11 1
5 4
15 9
9 8

18 41
67
4 20
17 17
9 1
3 34
0 21
14 19
8 22
17 17
9 27
9 13
5 39
9 12
3 21
5 14
6 10
7 2
16 12
13 31
15 23
10 4
16 30
12 27
12 5
9 40
8 36
1 17
12 21
4 6
2 38
16 15
8 23
17 0
8 0
12 10
7 17
15 30
9 40
5 21
2 24
2 40
10 34
3 13
9 8
0 15
16 3
0 16
1 12
10 22
7 9
11 40
5 8
15 36
17 9
11 15
13 38
9 12
14 34
9 4
1 7
14 8
6 13
1 36
11 1
15 3
10 11
11 1
13 34
60 19

15 51
17
9 26
10 39
11 2
9 35
9 38
8 22
11 44
2 47
14 22
3 10
11 34
10 10
9 38
0 9
10 13
0 32
1 37
13 10
