5

32 34
106
10 32
8 23
20 25
22 11
31 31
15 9
22 8
7 7
26 28
11 32
29 23
12 11
7 5
17 26
1 4
9 33
15 17
24 5
16 0
30 22
27 4
3 20
16 2
9 2
13 22
0 22
25 27
8 16
6 1
16 33
4 17
18 17
11 3
22 25
25 21
11 17
3 27
7 19
25 4
29 0
5 3
17 12
10 31
31 11
18 19
24 4
9 25
9 28
22 26
15 13
21 15
4 12
10 15
11 19
28 0
10 29
5 17
31 8
20 18
1 20
14 3
29 23
4 28
11 30
6 18
10 7
21 22
19 23
26 32
3 32
6 3
23 18
8 16
28 8
21 27
2 13
22 1
26 7
6 1
21 24
31 29
8 27
14 25
20 30
26 25
30 4
4 3
12 22
11 30
8 28
5 7
3 2
10 25
23 4
2 28
29 12
12 1
23 16
0 29
2 32
3 14
27 23
21 15
20 18
16 32
1 17
4 1

10 3
115
2 1
0 0
3 2
7 0
7 1
3 2
3 2
0 0
6 0
0 1
7 2
0 1
3 1
7 1
5 0
8 2
8 2
8 1
9 0
4 2
0 1
1 1
8 1
0 2
3 2
3 0
1 1
4 2
0 0
8 1
3 2
5 1
7 1
5 2
1 1
6 0
6 1
9 0
3 2
1 2
2 1
9 0
9 0
7 1
7 0
7 0
4 2
4 0
8 0
1 0
0 1
4 1
8 1
1 2
5 0
2 2
9 1
2 0
6 2
2 1
9 1
7 1
4 1
9 0
3 2
5 2
1 2
2 1
7 2
4 1
9 0
3 1
9 0
1 2
9 0
0 1
7 0
4 2
0 0
6 2
7 1
9 1
6 1
9 0
6 0
8 0
4 2
8 1
9 0
9 2
4 1
8 2
0 1
6 1
9 2
8 2
0 0
6 1
2 1
2 0
2 1
8 0
5 1
2 1
7 0
6 2
5 2
5 2
2 2
2 0
0 2
9 1
2 2
9 0
4 2
8 7

26 36
26
10 13
13 13
8 34
1 4
13 34
9 3
4 7
25 7
17 0
10 15
3 3
8 6
7 15
7 22
0 1
15 19
18 2
20 25
10 17
15 10
24 6
1 8
3 32
6 16
21 6
4 16
1 1

27 38
109
14 19
2 30
17 11
17 24
4 12
7 11
22 37
9 3
8 21
2 22
2 19
15 8
19 19
17 0
15 27
16 19
19 24
25 21
9 10
25 27
8 35
6 25
9 7
12 10
2 10
10 0
1 0
22 19
8 22
2 23
22 23
0 37
14 31
1 23
8 6
26 4
9 29
9 15
10 31
24 0
13 30
5 32
12 25
24 27
18 26
6 15
22 10
16 37
10 29
22 24
6 13
23 33
5 30
23 14
4 30
5 26
7 14
21 30
16 6
1 5
23 26
21 0
3 13
17 18
18 16
9 33
12 5
13 28
16 17
10 37
20 18
16 25
15 18
8 28
7 30
1 14
6 32
10 11
23 8
17 5
19 28
11 31
22 7
0 8
13 26
26 27
15 27
22 12
15 25
12 32
1 30
3 8
26 17
23 25
20 26
25 11
2 24
5 5
12 4
3 33
5 15
20 32
18 30
17 12
7 2
18 7
16 9
22 12
25 12
6 2

27 34
137
12 20
13 10
13 1
17 1
2 6
21 2
11 10
17 6
6 30
15 22
25 14
15 15
24 7
18 19
21 4
12 1
21 13
9 10
22 12
14 6
9 8
24 28
23 0
17 6
23 6
12 10
20 14
1 2
12 20
10 7
2 20
17 31
25 28
25 30
16 0
7 6
21 27
23 9
24 1
25 32
7 26
19 9
12 8
6 1
2 22
25 9
16 25
6 16
20 22
25 7
6 30
12 14
15 14
22 25
11 13
22 13
5 6
24 19
14 16
19 24
25 3
26 29
22 15
19 4
25 5
3 8
11 25
20 33
13 20
2 3
26 29
6 4
6 20
10 31
23 17
26 23
25 4
15 6
3 3
13 4
2 30
11 17
21 17
18 1
25 22
21 2
23 2
17 1
9 11
23 33
8 29
5 32
9 14
20 26
5 22
18 25
12 25
10 15
23 7
18 20
11 3
8 30
18 11
25 2
4 30
22 26
5 32
23 6
26 2
15 30
11 19
1 25
14 13
23 1
17 5
10 24
17 19
13 29
21 18
9 19
22 8
15 30
9 17
20 27
5 17
18 26
21 28
18 28
19 6
8 1
3 18
16 27
14 12
1 7
14 28
23 27
19 20
6 4
