6

9 9
3
4 3
4 4
4 5
3 1

10 10
4
4 4
4 5
5 4
5 5
3 1

5 5
4
1 2
2 1
2 2
2 3
4 1

4 4
2
1 1
1 2
4 1

20 20
200
5 8
16 13
16 19
12 4
12 15
4 16
5 11
18 19
3 1
15 4
15 14
3 13
6 14
19 3
10 13
13 0
19 8
6 3
4 19
4 11
4 5
0 17
8 9
3 14
6 13
18 15
12 4
15 7
6 8
9 16
15 2
13 18
9 8
11 18
5 12
3 15
6 12
11 1
19 0
11 3
18 4
14 12
11 14
11 10
3 16
1 13
3 17
18 1
19 18
1 2
6 5
8 1
14 6
14 11
2 13
18 13
5 19
15 12
5 2
15 7
16 18
14 13
0 1
1 18
14 19
5 11
8 12
11 14
2 15
5 1
16 11
7 3
7 4
1 10
2 10
18 3
11 8
7 9
15 17
12 9
9 18
7 10
14 2
8 3
0 7
15 0
3 14
12 2
18 6
15 12
16 6
17 5
3 4
17 7
0 18
12 17
8 15
13 7
6 9
7 4
17 2
8 4
13 18
19 1
3 19
2 19
9 5
16 17
2 10
5 11
3 17
15 1
13 5
10 7
11 5
8 7
7 19
4 13
9 2
18 2
8 0
10 9
15 17
4 11
18 13
15 14
6 13
18 6
17 9
13 14
19 12
16 2
17 1
0 12
9 2
13 0
2 3
2 13
3 10
9 3
7 12
8 17
19 0
19 1
2 12
15 7
14 8
11 10
11 1
11 12
13 4
4 18
15 2
19 7
1 0
18 7
11 0
16 1
15 4
10 18
0 1
17 5
7 12
4 17
15 13
4 12
13 19
16 13
13 5
0 19
6 15
6 2
0 5
10 9
5 10
17 2
18 9
18 2
5 18
6 2
6 16
5 19
17 7
15 16
7 2
19 6
17 19
12 2
2 6
17 7
9 1
18 12
19 13
5 11
4 12
15 16
13 12
7 8
15 3
16 11
20 2

15 15
111
4 5
1 6
11 5
8 1
13 6
5 8
3 14
10 8
8 1
9 4
2 4
2 1
7 13
6 9
0 5
2 4
8 12
14 4
13 8
13 4
2 6
9 14
5 11
12 5
0 9
1 14
8 9
6 13
1 12
12 14
11 12
7 3
6 2
12 14
8 7
11 13
3 0
7 13
3 9
1 3
8 7
2 8
10 13
2 1
3 6
1 2
0 6
4 1
5 13
3 7
2 7
14 11
8 3
9 4
3 1
3 13
1 6
12 11
10 14
0 14
10 3
11 14
5 2
4 5
4 13
9 2
11 1
4 9
7 3
11 4
8 6
4 14
13 10
10 5
2 1
8 12
2 12
2 9
2 7
5 6
4 8
11 8
3 0
12 14
11 8
3 0
0 7
1 7
7 6
4 8
3 10
0 8
11 10
13 4
0 4
12 1
4 0
13 9
3 2
14 5
8 1
9 6
5 12
11 8
11 1
6 12
1 10
5 8
3 9
4 13
9 2
20 2
