6

24 13
67
19 7
12 10
21 5
22 6
5 0
17 9
4 2
20 1
5 1
6 2
12 2
7 2
14 11
0 3
21 10
11 8
7 11
18 5
1 10
2 11
12 9
11 10
4 3
6 4
15 8
2 2
11 12
4 11
19 11
13 11
18 1
16 12
23 3
19 7
3 12
10 11
1 4
0 1
12 0
17 9
4 6
20 10
1 9
6 0
19 12
0 11
3 11
4 9
15 0
20 0
5 9
6 10
2 11
5 5
14 10
2 0
12 5
13 6
3 11
20 2
8 10
1 1
15 1
2 9
15 11
20 7
0 9
4 1

19 26
51
16 2
6 17
2 13
1 1
7 8
5 4
7 10
0 1
4 3
6 9
14 22
7 12
1 2
11 8
13 5
5 2
5 4
0 24
6 5
10 1
7 13
3 10
16 3
11 22
0 14
7 19
9 24
6 15
3 1
7 6
9 2
8 21
5 15
1 9
5 12
9 23
18 11
6 25
15 2
17 10
0 18
5 19
16 4
1 10
18 9
16 11
8 7
8 17
3 6
5 21
11 10
4 4

29 21
61
4 0
8 1
2 5
18 12
7 12
12 14
20 12
4 6
8 9
23 6
23 9
21 17
10 10
26 13
16 6
11 5
1 14
21 6
0 16
16 19
16 13
20 4
13 3
8 20
16 0
22 17
11 19
4 17
19 5
26 20
20 8
27 14
27 13
11 5
6 17
1 13
7 16
2 9
2 3
10 10
2 1
10 2
11 4
27 20
8 15
17 8
20 6
18 7
21 17
15 16
3 5
11 19
15 9
23 7
9 20
19 17
9 4
0 9
22 7
24 8
6 14
6 4

29 16
64
11 3
27 7
13 6
26 14
21 7
28 2
20 11
13 12
16 4
25 8
24 2
10 9
25 2
19 10
22 5
22 2
22 8
25 10
10 13
13 12
3 7
20 0
28 13
26 15
28 8
23 14
12 10
18 9
27 3
8 3
21 8
14 6
9 12
13 12
11 4
23 2
15 13
0 10
19 13
2 8
26 14
28 14
25 15
12 14
26 14
21 9
18 10
17 6
24 6
7 15
26 0
14 14
27 11
3 10
13 4
28 15
15 0
23 8
3 4
12 3
28 1
10 7
21 1
12 12
7 2

19 16
54
4 5
17 13
14 11
17 14
2 2
14 5
18 15
15 12
2 10
11 5
18 14
13 14
12 11
2 3
13 0
11 6
6 12
14 5
6 1
17 3
2 1
6 10
15 5
3 11
14 9
10 14
14 9
8 3
13 8
18 3
0 10
12 1
17 8
14 11
14 0
17 12
4 1
16 0
11 6
11 15
18 10
14 9
14 11
7 2
6 6
1 5
17 8
14 13
11 13
4 0
17 2
8 13
14 13
0 10
7 3

20 22
46
0 7
7 5
9 4
19 17
3 6
15 5
5 17
15 12
10 15
5 5
14 21
4 0
13 18
7 5
5 10
16 2
12 18
15 5
3 18
17 18
0 13
8 16
1 17
1 5
17 20
18 10
18 9
8 11
7 16
14 14
4 16
19 14
6 14
5 21
12 13
5 4
0 14
10 2
18 3
5 20
11 15
5 2
16 13
14 17
10 21
19 20
8 2
