15

20 5
67
13 4
6 4
15 1
18 1
18 2
9 0
13 2
13 2
0 2
18 2
7 1
14 3
13 3
5 3
19 3
7 0
3 3
10 4
9 0
0 1
9 4
6 4
3 3
4 4
3 2
2 2
19 4
18 2
4 0
16 4
14 3
15 3
1 4
10 3
1 0
8 3
17 1
12 2
16 4
10 0
0 2
11 3
8 4
4 1
6 2
2 1
14 2
8 1
18 0
10 4
12 0
15 1
13 4
16 0
12 0
4 4
11 3
15 1
5 2
13 3
6 4
19 0
4 0
7 0
3 4
18 0
8 3
1 1

11 19
57
1 0
2 3
5 7
8 4
5 9
3 18
5 5
3 16
2 16
10 13
8 10
7 11
5 18
3 17
7 1
10 11
1 9
6 17
6 5
2 2
7 11
8 11
1 6
4 15
2 12
3 16
5 1
0 5
10 10
8 0
8 3
2 5
8 4
9 0
6 11
3 5
9 9
0 15
1 12
2 0
1 12
8 16
2 2
8 2
10 11
3 1
10 15
1 0
8 15
9 18
10 10
2 3
7 7
9 7
10 15
2 7
7 16
4 1

13 9
9
8 0
7 3
2 8
12 3
2 6
12 3
9 0
1 2
7 4
10 5

12 11
14
9 5
8 8
4 7
3 8
3 2
10 10
2 7
2 1
10 2
9 3
11 2
3 2
1 7
5 4
20 8

4 4
4
0 2
2 3
3 3
3 2
17 16

18 12
44
16 10
2 3
6 1
14 7
8 0
0 8
17 5
9 8
0 2
1 0
13 9
11 3
4 5
0 11
5 1
3 9
1 4
12 1
10 11
17 4
2 4
1 11
9 0
0 5
2 7
8 0
9 11
10 9
0 11
15 10
15 3
6 2
3 2
3 4
10 11
8 4
4 5
5 8
15 10
15 6
10 7
16 4
7 3
7 4
3 3

3 18
18
2 12
0 12
1 2
2 15
0 14
0 2
2 7
1 17
0 16
0 6
1 12
2 3
0 11
2 6
1 5
2 15
2 12
2 16
10 1

11 18
179
0 5
5 0
9 15
3 15
7 4
4 6
1 5
4 5
1 13
9 8
1 13
3 14
6 10
8 13
8 4
4 12
6 5
0 4
2 13
9 14
0 8
1 16
10 13
10 14
7 11
4 9
4 10
5 8
0 0
0 16
3 4
6 11
10 7
9 4
8 9
3 7
8 17
3 9
6 8
3 5
0 4
1 3
6 3
4 17
6 13
0 10
3 2
4 2
8 1
1 10
5 1
1 17
4 4
0 0
1 7
6 6
0 15
6 8
4 5
3 12
1 4
10 12
10 17
0 15
10 9
9 14
7 9
6 2
4 8
7 2
8 8
2 1
6 17
9 6
7 4
7 15
8 11
9 13
8 17
6 4
8 13
1 13
1 1
9 12
6 6
8 17
3 7
2 14
1 6
6 9
5 10
6 6
8 15
2 0
7 5
5 1
9 15
9 6
5 15
5 11
8 11
6 2
0 2
5 13
3 3
2 4
7 3
6 7
1 1
9 5
8 7
2 4
5 10
3 0
0 17
8 17
7 4
4 16
6 13
6 17
9 17
7 11
10 17
6 11
8 12
6 10
10 15
7 1
8 2
1 5
9 15
0 7
7 9
2 9
10 4
0 13
8 2
7 0
2 7
6 12
0 3
2 13
3 12
0 12
7 2
7 0
1 0
9 1
0 9
8 10
6 1
7 15
4 13
5 12
7 3
4 0
4 14
9 13
6 10
7 2
10 1
5 6
10 4
9 4
2 17
8 2
7 15
3 0
5 6
0 4
1 1
8 14
7 6
0 10
8 9
4 14
9 16
3 13
3 3
2 1

9 20
28
2 19
8 16
0 2
8 19
0 1
7 12
5 0
5 9
7 2
7 10
3 15
6 13
7 5
2 12
1 8
8 5
8 7
5 13
7 7
3 18
3 2
3 10
6 0
7 8
0 18
0 18
5 13
6 10
5 2

11 11
95
8 7
8 8
7 6
4 5
0 3
3 2
10 9
0 8
2 10
2 3
5 7
10 0
1 9
2 10
6 6
1 5
2 9
4 5
10 8
10 0
6 10
5 2
1 3
1 7
7 0
0 1
1 9
1 8
5 0
5 0
4 5
6 8
2 3
3 5
3 1
6 2
7 2
7 7
10 8
6 4
1 6
1 8
10 1
5 6
1 7
6 6
3 7
10 6
5 4
3 7
8 7
6 0
8 9
9 3
9 9
1 7
2 3
1 10
3 6
0 2
1 5
3 5
10 8
3 2
7 0
7 0
10 5
0 1
3 1
4 5
6 8
0 4
8 7
10 10
10 9
1 5
3 6
3 0
6 9
4 0
8 0
10 8
2 4
2 10
2 1
0 6
2 3
7 3
0 9
2 6
10 2
0 5
0 6
4 10
7 10
9 2

20 15
11
0 2
19 2
14 2
18 3
18 9
16 12
2 14
15 14
3 12
14 13
2 5
1 1

1 19
3
0 17
0 15
0 15
15 1

3 4
1
2 0
14 10

6 3
4
2 2
3 2
4 2
1 1
50 5

20 12
33
3 6
15 0
12 10
14 6
7 7
4 8
16 2
5 9
1 11
3 5
10 5
7 0
17 7
7 11
19 0
12 6
1 0
17 7
18 10
4 0
2 3
8 11
13 2
5 3
6 6
0 7
7 0
7 3
2 1
1 11
13 8
19 8
18 2
5 2
