15

52
1
19
15
-2
-1
11
-1
13
-1
1
-2
-1
7
-1
7

38
40
-1
1
-1
15
-1
13
-1
7
-1
1
4
-1
3
6

12
8
-1
38
-1
5
22
12
3
-4
12
4
-1
7

60
30
-1
10
14
2
6

37
23
1
-1
-1
29
-1
4
-1
18
-1
2
1
-2
-1
4
2
2

21
46
25
2
7
5
9

33
30
-1
12
9
20
9
7

55
26
-1
5
17
3
7
-3
6

7
37
34
10
9
-3
14
3

4
50
-1
32
13
8
-1
14
1
4

7
26
-1
24
22
-2
8
-2
8
-1
-1
20
-1
10
5

26
25
18
-2
6
11
17
5
-1
4
-1
2
8

12
26
-1
21
31
11
-1
7
5
4
-4
-2
-2
6

30
12
14
-1
23
11
-3
-2
13
9
4
-2
-2
-1
1
-1
8

25
17
-1
12
-1
14
-1
22
-1
13
-1
12
-1
4
2
4
