9

19 9
122
16 7
6 0
8 7
11 2
4 0
3 3
8 1
9 7
11 6
8 3
16 7
4 1
1 2
8 5
4 8
0 4
13 2
8 7
6 0
9 7
16 4
15 4
3 6
7 6
14 6
15 4
12 1
4 3
5 4
7 7
3 4
2 0
13 0
7 7
13 0
1 6
12 8
18 6
0 2
1 6
2 7
1 1
11 5
14 1
12 5
6 1
7 5
0 8
0 1
10 8
13 1
3 8
1 1
10 5
2 2
5 6
4 5
2 0
12 6
8 8
15 8
4 2
2 1
10 4
15 5
3 4
12 5
1 4
14 4
16 7
12 1
11 7
8 5
2 1
2 2
7 8
10 5
3 7
7 3
18 1
14 2
2 3
18 7
14 8
16 4
0 3
13 0
3 1
12 7
15 0
16 2
8 2
4 6
0 8
13 1
1 4
7 0
1 4
0 8
0 4
12 5
8 6
8 3
9 8
2 5
11 1
7 1
9 4
11 5
13 3
8 7
11 1
3 5
0 8
13 7
0 5
11 5
15 7
8 7
5 6
15 1
8 5
1375 128

3 17
46
1 8
0 9
2 6
0 11
0 15
1 12
1 7
0 13
1 11
0 0
0 3
2 3
1 11
2 15
2 9
2 2
0 7
1 2
0 7
2 10
0 8
2 1
0 6
0 8
1 2
2 6
1 5
0 9
2 15
1 13
1 15
0 10
0 9
2 4
1 13
0 8
2 4
1 4
1 8
0 11
2 4
1 14
1 13
1 12
0 6
1 16
245 35

25 18
114
13 3
10 1
0 14
0 7
3 3
16 11
10 1
18 14
5 0
20 2
16 14
24 4
11 2
23 1
7 5
23 8
18 1
14 5
13 15
14 9
2 9
21 13
14 15
2 11
16 15
13 11
9 12
18 11
19 0
17 4
11 0
1 3
4 16
9 3
22 14
0 16
14 1
19 8
21 0
23 13
17 4
1 13
23 15
16 4
10 0
8 17
20 17
12 9
18 16
2 6
23 0
4 1
5 17
19 0
9 11
16 10
13 8
10 9
5 8
21 6
20 10
2 3
13 2
3 9
24 17
23 16
20 14
17 17
9 3
9 14
23 14
4 6
22 6
11 17
22 16
7 4
1 15
1 6
15 1
10 15
16 11
11 14
14 14
4 17
13 4
21 6
9 4
17 17
10 11
5 10
24 4
23 2
8 0
19 12
13 9
6 11
17 2
12 13
21 10
23 15
0 3
3 17
12 7
5 16
20 15
14 10
10 5
2 15
4 12
17 6
5 17
18 4
1 6
20 0
747 22

1 14
7
0 6
0 0
0 3
0 13
0 2
0 11
0 9
1358 134

10 25
56
0 11
8 6
0 20
1 0
0 14
6 18
2 16
9 4
8 2
8 20
6 10
3 8
0 7
0 1
8 18
3 12
7 23
5 6
5 12
0 9
7 16
1 0
7 6
1 22
4 12
8 22
6 2
0 14
9 19
0 4
2 22
2 22
8 1
8 24
3 21
5 10
3 8
0 21
3 0
9 8
1 21
2 4
2 15
3 18
4 17
2 21
7 22
1 11
8 17
4 19
3 6
3 7
5 16
5 1
8 16
9 21
166 170

20 5
79
14 4
10 0
18 2
15 1
5 0
11 2
7 2
17 1
7 4
5 4
3 0
12 0
17 2
5 1
1 2
3 4
7 4
3 1
8 0
14 0
16 0
8 0
6 4
2 1
12 1
16 0
19 3
7 0
16 0
17 1
0 2
14 3
13 2
15 1
7 0
15 4
4 0
16 0
1 1
1 4
17 3
13 0
7 3
11 1
16 2
4 1
7 2
2 4
0 0
15 0
3 0
8 3
4 0
10 0
1 4
4 3
18 0
7 1
2 2
5 0
16 1
13 1
9 3
16 3
16 2
7 3
16 0
8 1
15 3
1 1
17 0
13 0
8 2
2 1
12 3
1 2
5 3
18 2
17 2
154 10

3 6
17
2 2
2 2
1 1
2 2
1 1
1 3
1 1
2 1
1 4
2 3
1 0
1 2
2 1
1 2
2 1
0 3
2 4
41 177

12 11
129
0 0
2 10
6 10
2 4
9 9
0 1
8 7
0 10
11 0
2 2
1 0
0 8
1 2
7 10
11 10
5 1
2 2
9 3
8 6
3 1
11 7
9 10
9 3
2 10
4 7
8 8
8 6
1 7
9 2
7 5
9 8
0 3
7 8
1 6
11 8
3 5
6 8
0 9
9 1
1 0
8 10
9 9
3 10
11 9
5 3
1 6
10 6
9 9
3 6
2 8
8 3
8 5
2 6
11 4
5 6
8 0
11 6
3 7
6 8
1 0
4 3
7 8
11 6
1 4
4 5
2 2
0 5
4 4
3 0
11 9
5 3
4 9
6 2
1 4
3 9
7 0
9 3
6 1
9 10
7 5
6 0
0 2
9 6
11 2
2 4
8 7
8 3
10 10
0 4
11 9
1 5
2 9
10 5
0 9
11 4
11 5
9 6
7 10
10 5
2 3
5 2
11 1
7 1
10 6
11 0
4 7
10 9
8 4
8 3
7 4
0 8
5 5
6 4
6 10
2 9
8 4
4 3
9 1
6 6
3 7
4 1
8 9
5 10
0 8
3 5
10 4
8 5
1 8
6 1
754 25

1 10
8
0 1
0 6
0 4
0 8
0 9
0 4
0 3
0 3
916 142
