12

33 20
39
15 0
11 14
8 16
14 5
15 9
17 11
0 5
5 5
31 16
21 5
2 15
0 13
25 18
26 2
6 14
32 17
27 1
30 3
6 8
6 15
9 17
1 7
27 7
23 17
15 16
29 18
32 9
29 4
16 15
1 13
24 0
10 6
9 9
0 3
31 4
7 14
16 18
1 17
1 7
6 1

54 41
64
34 23
11 3
14 6
13 0
0 16
15 20
15 33
21 10
22 2
18 9
14 15
15 14
14 9
41 14
45 17
14 29
33 26
53 37
11 14
28 26
34 20
16 25
0 3
52 28
7 1
4 39
34 35
3 37
48 9
11 29
29 24
16 27
7 8
41 3
38 10
41 23
25 27
43 7
45 40
41 34
12 25
49 9
15 11
20 0
37 20
46 29
50 35
50 24
21 2
11 22
34 2
48 20
19 16
23 36
10 20
48 33
47 29
17 27
39 19
23 31
17 11
38 9
14 29
19 39
4 1

25 46
52
18 26
21 6
11 11
9 29
2 45
23 10
18 9
9 18
24 23
15 16
13 33
2 11
4 7
22 35
16 29
8 32
14 8
4 24
6 29
8 26
12 22
17 1
5 18
24 45
24 44
5 38
9 29
24 35
20 12
4 35
16 36
4 11
1 10
20 11
11 3
16 8
18 3
3 14
2 6
20 0
11 40
22 7
8 29
0 7
1 10
11 7
5 7
0 25
4 42
10 43
11 30
11 40
3 1

16 15
68
8 6
11 3
11 14
12 0
2 4
3 2
3 2
14 4
15 8
15 2
2 5
6 2
10 13
3 5
1 9
14 12
0 8
11 1
11 9
8 5
7 3
7 3
14 5
2 11
2 12
8 13
5 11
10 10
12 13
2 1
3 12
13 4
4 5
2 1
11 1
14 11
9 11
13 1
15 11
4 3
15 3
7 12
5 12
8 7
10 1
10 11
0 5
2 13
2 1
5 4
10 11
14 10
15 8
5 3
12 8
13 1
5 2
13 7
3 4
11 14
11 7
9 10
12 2
3 7
0 2
7 5
13 10
7 4
6 1

27 38
34
6 8
11 5
0 12
15 21
7 20
8 33
20 15
3 1
4 31
0 9
8 6
18 14
13 10
9 21
1 31
6 30
1 11
1 35
0 34
10 5
16 9
22 31
5 5
24 0
6 10
10 9
8 14
7 27
24 28
5 21
22 32
6 34
20 28
3 5
4 1

32 18
71
20 1
9 17
28 16
26 10
7 15
25 16
18 14
25 7
12 15
25 2
21 16
14 1
26 14
18 17
31 11
31 17
1 11
16 9
20 17
18 3
7 13
12 4
13 12
29 13
28 8
0 14
5 1
10 1
17 10
12 14
28 1
29 5
13 1
13 1
17 1
3 12
7 1
17 16
27 11
20 4
15 11
14 12
31 6
1 10
26 6
14 5
12 9
3 6
22 15
27 10
23 0
13 10
1 1
27 14
10 5
13 4
23 8
4 1
2 3
9 17
2 2
17 2
9 16
22 1
1 13
18 4
14 2
3 16
28 15
17 12
4 17
4 1

26 54
66
8 28
12 41
24 32
15 40
2 16
11 32
22 21
24 31
19 38
18 39
7 2
13 13
17 41
9 6
11 35
12 12
18 3
1 40
21 50
16 25
6 51
5 49
14 29
19 52
21 3
18 53
7 31
6 44
12 26
11 20
20 36
9 39
11 28
11 9
10 36
14 9
14 38
24 23
23 6
25 40
24 18
20 10
24 50
4 33
4 14
8 0
19 34
11 25
3 51
13 17
17 28
22 11
15 52
1 22
25 46
20 4
15 22
8 30
10 41
2 28
5 4
4 10
13 18
0 21
17 11
12 26
5 1

15 43
45
0 32
13 34
7 31
5 0
7 2
2 3
14 21
10 4
0 5
14 13
13 0
13 30
7 9
14 36
2 41
14 15
2 0
2 24
6 36
2 23
12 21
9 17
7 2
4 5
12 38
3 31
14 40
4 29
5 11
4 19
5 32
1 36
13 21
9 24
11 8
13 6
0 25
1 35
14 3
10 11
4 38
11 32
8 8
12 12
2 36
5 1

17 23
52
8 17
5 13
12 4
8 22
11 8
9 2
8 2
11 8
5 5
13 18
9 7
9 18
6 21
1 20
9 21
8 0
4 6
13 9
11 14
10 19
7 11
15 15
6 6
14 0
14 13
8 18
13 5
1 20
0 4
13 12
13 6
5 0
10 13
2 17
2 22
9 10
16 11
16 13
2 0
6 5
5 10
1 21
9 7
14 15
6 10
8 5
8 22
13 7
7 2
3 0
1 19
15 13
4 1

29 60
45
18 55
6 27
21 7
3 32
4 28
8 41
10 44
18 53
0 1
10 35
23 45
28 42
3 47
10 19
24 12
18 39
12 43
28 57
21 56
16 53
7 28
28 57
13 33
23 10
1 29
16 43
27 7
24 16
5 15
22 13
2 15
17 8
2 26
17 17
5 7
12 16
24 50
7 53
4 53
3 38
7 14
20 8
10 40
3 59
14 46
4 1

36 12
50
30 8
26 10
18 1
24 11
8 0
12 6
29 4
4 6
13 1
15 4
10 9
33 7
1 11
16 5
4 5
15 5
32 8
35 9
3 3
17 8
22 10
0 6
15 7
4 9
22 2
11 3
19 8
12 10
15 4
7 9
22 9
14 8
35 9
34 1
5 1
5 4
10 7
9 6
12 3
27 5
18 5
20 9
7 10
21 11
2 8
16 7
28 4
35 2
26 4
9 3
3 1

37 24
76
34 4
10 2
31 1
35 6
30 13
15 2
8 3
2 22
24 14
19 15
22 21
35 7
15 2
28 9
20 1
32 1
15 13
35 23
23 2
8 21
10 5
33 3
34 5
18 5
9 17
13 9
4 9
17 8
28 10
8 20
23 2
18 4
36 13
24 5
35 17
0 10
14 17
24 4
33 5
15 4
3 13
23 10
10 1
5 1
23 7
9 22
16 5
1 15
25 17
7 14
5 7
32 8
9 7
12 0
9 22
33 13
2 22
36 8
15 7
2 2
27 11
35 10
21 19
16 13
34 9
27 1
9 11
20 7
31 13
5 22
19 15
30 4
2 15
29 13
18 9
17 13
4 1
