16

37 26
67
28 10
28 7
0 1
15 24
35 19
23 10
8 21
32 24
20 7
20 9
20 20
27 4
31 16
19 23
30 11
23 11
19 10
16 16
1 5
10 17
24 12
30 23
4 15
13 13
20 22
8 18
27 18
20 21
16 8
20 22
11 10
31 2
13 6
12 7
1 1
21 24
9 22
0 1
22 4
14 14
36 21
19 16
20 3
1 5
21 11
0 12
4 9
13 12
29 12
8 16
4 15
10 9
36 9
22 0
0 14
6 2
14 3
30 8
15 15
30 21
14 20
33 18
6 13
30 21
16 1
0 12
11 21
24 4

16 33
80
0 25
11 22
1 5
12 20
3 32
6 2
4 14
14 1
12 4
8 3
5 2
9 22
12 21
2 10
13 11
5 20
11 9
9 8
14 4
10 30
5 25
0 17
15 32
3 29
1 3
12 22
12 0
12 3
6 19
3 1
2 25
1 24
10 32
8 24
1 12
9 26
0 15
1 3
2 23
7 29
2 18
9 13
10 23
14 25
15 17
0 32
1 11
0 10
12 19
6 23
15 11
14 20
9 23
1 27
0 18
11 10
13 22
5 30
11 3
6 32
8 15
3 25
11 30
0 30
7 3
14 31
0 22
7 12
6 8
11 6
8 19
7 8
11 30
13 22
12 24
10 9
3 11
2 3
4 19
6 30
23 5

27 10
62
26 3
17 6
23 3
22 5
17 3
2 7
9 8
17 9
0 3
1 0
0 0
17 8
4 5
15 8
21 2
20 3
14 1
1 4
16 6
26 4
25 9
11 0
26 0
13 8
17 6
4 0
25 6
25 0
10 2
6 2
7 3
17 2
22 9
24 1
7 1
18 7
19 3
13 3
19 6
11 6
15 0
17 2
15 5
6 3
13 4
23 1
19 8
2 7
2 5
11 2
4 2
13 0
12 6
6 2
17 2
7 3
13 8
11 9
2 4
25 4
24 7
1 6
23 5

36 12
64
8 4
26 4
6 11
19 6
9 2
9 2
9 8
28 9
6 2
26 5
33 6
19 6
32 6
4 0
29 1
21 10
15 5
1 0
34 1
7 5
19 7
18 3
1 6
1 11
14 2
2 6
14 1
22 2
21 10
2 0
16 5
20 10
14 5
32 0
25 6
6 4
13 8
35 10
32 10
28 7
17 8
14 6
18 10
11 10
20 1
14 3
0 0
3 3
12 9
18 1
21 0
26 8
23 1
14 6
18 6
12 6
12 2
26 5
23 1
6 0
14 5
13 10
12 2
5 0
21 5

18 31
58
7 30
14 19
16 8
7 9
10 18
6 6
15 28
8 17
5 4
8 3
1 1
16 4
1 13
3 27
2 8
0 13
10 29
4 1
8 18
6 8
0 0
6 12
10 23
13 17
0 22
4 19
12 27
12 30
2 15
7 23
14 24
0 27
11 20
10 11
8 23
9 25
6 10
3 28
17 22
3 20
14 14
8 12
4 11
11 14
13 16
4 26
13 24
13 14
1 14
6 1
8 19
4 19
3 15
17 8
7 30
14 6
0 19
10 19
29 1

34 25
51
7 1
25 15
32 17
27 7
6 10
15 20
20 23
22 23
5 16
23 14
28 10
17 21
18 5
29 9
4 14
18 8
11 20
28 20
7 19
12 14
2 7
18 12
7 4
2 24
0 14
9 20
17 16
19 10
8 5
11 3
8 14
8 0
12 11
15 7
10 23
26 9
15 8
9 1
33 0
14 24
32 0
29 13
5 20
1 10
15 12
8 7
32 18
7 23
26 14
32 13
3 19
24 2

23 34
62
6 7
3 19
13 15
2 7
20 30
11 7
9 17
4 32
14 14
18 23
7 19
12 19
22 9
9 15
4 26
1 26
10 26
14 11
15 10
7 8
16 18
1 1
4 26
17 11
7 7
17 14
0 14
11 8
14 9
7 32
0 5
18 3
4 12
9 2
5 5
8 11
19 29
19 19
4 23
4 1
13 4
3 26
11 33
1 11
21 11
21 15
18 12
7 6
19 0
14 9
11 14
20 20
10 11
9 16
5 22
20 2
18 3
16 3
20 24
16 23
16 32
22 18
34 1

33 17
64
25 14
4 16
24 3
18 9
14 10
5 6
14 3
8 12
22 14
25 1
19 0
25 16
12 7
2 13
4 4
29 14
29 2
2 0
7 5
28 1
3 3
16 16
13 5
17 3
26 12
13 7
25 2
24 4
28 13
12 16
13 2
7 5
16 3
10 7
3 16
23 12
13 7
28 2
15 15
17 14
6 6
13 0
16 5
14 3
29 8
12 16
26 12
13 12
25 2
24 11
14 1
4 5
25 6
25 12
3 1
7 8
31 1
0 14
8 11
10 11
28 13
5 3
16 13
10 10
15 3

22 11
27
6 0
21 5
1 4
16 1
0 2
13 3
18 1
3 5
8 8
11 4
7 3
5 4
8 10
8 1
20 4
5 0
10 4
21 3
13 8
21 7
12 6
16 10
21 8
20 2
19 6
3 5
21 5
11 1

36 30
74
22 20
31 21
21 5
17 23
7 9
19 6
24 7
31 0
30 23
13 12
34 3
21 15
12 8
3 21
24 11
29 11
31 27
24 12
11 16
4 20
24 1
30 9
21 15
11 10
7 27
23 20
12 24
27 11
19 3
22 0
11 26
11 16
27 10
32 20
2 11
7 25
29 5
9 3
3 8
21 5
4 1
30 0
29 13
5 5
3 19
30 27
22 14
2 19
14 13
7 12
35 20
28 21
34 6
7 15
28 4
2 18
17 20
2 6
25 19
27 7
29 4
0 0
14 11
22 6
11 7
9 27
24 19
27 26
22 11
26 19
31 21
21 17
23 26
15 7
30 2

12 11
53
9 7
0 1
5 0
10 1
1 3
9 10
6 9
2 6
9 8
1 7
3 8
6 3
0 4
9 4
6 2
11 7
2 6
4 7
6 0
2 8
2 8
8 4
9 9
8 6
1 1
11 6
7 9
5 4
8 0
6 2
7 2
5 7
0 1
8 2
8 5
2 9
5 5
7 7
10 5
7 10
10 2
2 4
5 6
11 10
7 1
9 10
1 7
10 8
7 9
4 10
4 1
6 5
9 2
26 1

29 15
74
21 3
18 0
20 8
14 5
3 1
9 1
23 9
19 6
19 8
0 6
20 8
20 12
25 8
25 12
0 7
8 2
8 1
7 14
11 13
1 3
3 9
7 8
14 5
19 11
23 4
12 13
15 7
11 5
21 0
5 12
4 0
21 1
17 12
16 14
12 5
16 1
1 8
27 0
27 8
28 7
2 14
13 11
23 9
4 9
4 4
9 13
8 7
4 2
23 8
12 4
27 0
9 11
7 13
21 4
5 6
4 12
20 7
6 4
14 14
12 10
11 4
20 13
12 6
9 14
20 6
26 11
28 13
5 7
23 6
27 8
9 14
13 4
4 6
28 14
25 1

39 28
30
35 15
17 13
9 21
33 16
25 13
13 9
23 24
22 9
15 10
16 6
25 15
25 19
10 26
9 23
37 21
33 24
28 14
16 2
12 1
27 21
10 27
4 9
9 11
36 6
6 8
18 1
21 10
6 23
33 9
34 12
16 3

12 20
49
4 4
8 3
7 0
2 0
5 17
0 11
1 8
7 18
10 13
4 14
8 4
9 11
11 10
5 6
1 4
8 15
1 10
7 18
3 10
6 13
6 12
1 4
0 15
10 5
6 13
1 12
6 15
4 18
9 0
10 15
1 7
0 5
8 18
4 12
8 10
2 12
3 14
4 13
11 15
4 16
10 12
2 10
7 17
1 18
2 18
8 16
2 11
2 17
11 2
19 1

16 35
80
14 23
6 11
4 19
1 16
3 29
13 27
0 15
9 16
12 28
1 6
12 29
3 34
3 16
14 5
8 6
11 9
5 15
4 6
0 23
0 9
1 14
9 15
3 2
5 27
0 17
0 11
6 0
11 2
4 27
12 30
13 3
6 33
6 23
13 0
0 8
3 17
2 2
10 30
7 34
2 11
13 7
0 31
9 16
11 1
13 2
1 18
6 21
5 29
8 14
6 14
2 11
11 7
10 33
5 20
12 24
8 5
3 1
12 14
7 17
12 34
5 1
3 4
1 31
10 34
0 17
0 22
11 5
3 30
13 7
11 5
13 22
10 16
5 0
11 31
1 15
3 2
14 24
11 8
7 23
2 6
23 5

10 12
43
0 0
7 3
9 4
9 1
7 2
0 3
3 8
2 1
4 9
9 6
2 6
2 3
4 9
5 1
5 5
4 7
8 6
4 9
8 8
4 10
7 11
9 8
9 0
7 1
4 7
3 8
7 6
2 3
5 6
5 4
9 6
0 10
2 5
0 8
0 1
3 1
4 5
9 8
1 0
6 8
0 0
2 1
2 6
5 1
