6

189 153
181
147 103
117 152
164 94
104 133
36 55
91 102
28 50
85 61
134 50
34 143
160 131
177 60
50 86
148 94
17 24
69 111
22 48
44 78
29 114
135 136
27 88
166 102
144 62
185 2
123 88
47 6
143 7
164 84
26 102
38 53
158 20
186 110
178 73
67 95
19 139
137 75
53 77
111 90
4 56
70 18
16 133
106 150
48 66
140 8
112 34
25 115
14 40
92 48
115 45
110 121
21 36
66 52
118 23
34 38
157 50
168 102
128 93
68 15
123 143
129 17
24 124
52 114
136 40
179 72
116 104
56 70
185 76
24 115
52 77
104 110
32 1
142 103
78 107
143 77
187 63
55 10
188 16
80 110
77 97
23 138
34 144
90 106
9 41
142 38
70 46
152 7
186 3
88 86
24 65
122 6
77 45
13 111
162 26
45 48
139 103
125 60
118 27
130 122
1 34
106 101
120 140
46 27
82 47
158 111
59 88
46 148
152 72
88 10
59 38
95 139
101 44
15 120
112 110
177 52
114 96
102 109
156 143
1 70
175 121
8 152
61 132
123 143
172 94
143 9
2 80
36 127
64 27
177 19
108 125
129 116
170 129
91 78
41 42
120 101
47 37
28 47
116 109
60 104
36 132
32 3
90 117
64 94
31 88
111 82
115 52
141 18
76 107
58 52
142 147
29 50
166 29
181 73
127 97
64 70
55 15
94 142
188 42
158 45
184 71
27 104
50 7
137 83
156 74
124 85
108 151
25 140
151 143
119 39
143 58
95 84
128 101
153 41
85 122
157 11
183 27
119 113
153 75
25 41
127 10
136 121
52 45
1817 198

37 56
24
0 9
19 32
23 0
19 10
3 7
1 12
1 1
10 21
23 9
32 6
10 51
11 15
35 30
15 30
8 28
17 14
23 10
25 16
21 37
6 6
11 43
15 50
7 10
30 30
289 142

94 102
128
20 95
53 85
59 4
30 69
91 14
16 39
93 59
45 64
52 100
81 48
2 83
58 81
90 101
61 3
65 50
5 11
45 44
33 65
90 56
71 94
2 28
87 46
60 36
33 86
32 89
11 94
78 92
56 1
29 67
0 68
1 91
57 77
62 13
82 82
2 80
65 15
72 41
45 98
24 66
79 68
28 48
20 62
67 28
57 70
62 15
10 31
8 33
26 53
66 96
52 38
75 41
92 6
78 90
58 96
31 75
26 9
67 60
80 56
45 90
2 29
62 65
12 39
67 19
40 30
56 0
92 40
17 7
42 84
59 21
30 79
93 54
6 4
90 95
26 27
84 68
59 9
89 51
85 77
66 55
66 41
40 90
43 2
85 14
59 62
46 39
35 25
72 28
53 25
91 9
24 67
76 42
21 89
58 11
0 80
89 14
17 90
27 47
0 20
20 27
70 21
32 85
37 2
87 52
68 85
19 53
59 71
11 93
58 49
48 36
53 101
89 77
93 53
14 87
77 93
65 68
42 96
73 27
0 66
17 48
29 49
81 65
25 94
1 25
44 101
51 48
39 75
64 39
17 5
1339 112

99 97
115
59 35
12 59
31 26
83 16
57 52
91 56
61 95
88 90
8 90
8 56
4 8
10 34
21 51
30 61
30 45
5 92
67 54
78 30
63 0
23 4
13 11
54 59
74 62
93 26
38 89
43 31
75 22
17 14
25 44
70 24
46 10
8 2
24 83
25 23
66 6
62 13
35 48
82 71
65 77
83 88
48 69
9 49
43 25
9 87
21 21
19 61
25 70
57 89
23 17
27 54
65 82
54 91
14 60
8 67
50 77
83 89
3 48
53 87
1 3
10 71
86 56
26 36
5 10
81 92
22 25
1 85
29 1
3 74
54 86
90 79
43 34
86 63
94 89
96 65
44 96
13 68
11 68
75 12
77 72
89 28
86 1
47 61
27 74
85 22
14 12
24 71
1 51
91 12
86 0
45 32
71 74
62 35
45 60
57 15
38 48
13 23
9 81
92 58
58 75
55 43
28 96
23 69
47 38
6 31
82 19
95 31
98 30
26 14
42 29
44 92
67 78
80 87
81 17
22 87
29 88
1919 74

173 124
26
157 31
25 61
47 62
137 62
6 92
129 55
138 53
148 78
104 91
124 116
64 105
65 102
89 24
6 97
72 40
93 113
63 25
33 32
172 104
44 16
33 1
121 64
34 34
156 20
127 90
44 4
73 124

111 184
65
72 130
82 1
70 77
19 157
73 92
100 127
3 94
49 11
28 5
10 57
85 173
0 7
78 64
65 57
11 125
10 43
77 79
19 77
34 15
60 19
92 157
51 7
70 35
58 157
84 177
15 30
60 122
94 129
50 22
9 51
71 31
17 40
103 161
80 64
0 77
52 98
17 110
66 165
108 177
24 3
49 3
73 167
53 73
2 84
21 180
107 55
91 21
24 90
1 66
21 141
48 39
5 22
68 140
34 60
67 44
46 176
55 155
15 83
69 20
89 149
70 35
73 131
102 31
100 43
35 179
467 43
