5

14 15
123
1 2
10 4
6 9
1 4
8 9
3 11
11 7
3 6
13 10
2 0
10 13
11 11
11 10
9 14
11 6
8 10
0 8
7 5
0 13
8 1
10 1
6 2
2 4
7 9
8 6
6 2
10 14
12 2
2 4
12 5
12 7
8 11
11 11
11 12
8 14
2 0
8 10
4 11
1 13
13 14
4 12
1 13
1 8
0 3
12 8
7 3
10 13
8 2
2 14
8 11
5 14
13 11
11 3
6 10
7 7
13 7
0 0
0 12
9 6
5 12
11 14
8 8
13 12
6 7
1 7
1 5
5 13
3 4
10 6
2 14
2 4
3 6
9 13
4 10
2 3
10 13
8 6
4 2
11 3
3 9
12 10
10 11
11 12
6 11
3 8
5 3
1 0
8 7
13 1
8 3
12 8
2 14
3 11
3 11
2 1
2 12
2 3
6 10
4 3
2 6
8 7
6 12
12 14
6 12
12 5
3 8
1 11
12 14
11 8
3 2
8 2
11 7
5 13
5 11
2 7
1 1
10 10
7 9
10 8
2 2
7 13
2 0
11 8
19 1

19 3
100
7 0
14 0
7 1
10 0
4 1
12 1
4 0
16 1
16 1
16 1
3 2
16 0
13 1
5 2
17 1
1 0
16 0
0 0
17 2
18 0
16 1
3 1
15 2
6 0
12 1
17 1
16 2
7 1
0 0
15 0
9 1
14 0
3 1
18 0
13 0
3 0
1 2
14 2
14 2
13 1
15 0
13 0
1 1
18 2
18 1
14 2
1 1
9 2
15 1
9 0
1 0
8 0
6 1
16 0
11 0
13 0
18 0
1 0
6 1
8 2
4 2
17 1
14 1
17 1
7 1
4 0
8 0
18 1
17 0
9 0
17 0
9 1
7 2
17 2
14 0
14 0
15 2
11 1
17 2
11 1
12 0
6 2
6 0
17 0
13 1
1 2
18 1
11 2
18 2
16 0
6 0
16 2
3 1
16 2
5 1
16 2
3 2
10 1
14 0
12 2
6 1

6 13
118
2 6
0 0
4 5
1 3
1 0
3 6
4 10
4 10
2 6
2 10
4 11
1 2
1 0
3 10
0 3
2 3
0 8
5 7
3 0
4 2
4 7
0 2
4 4
0 8
2 11
2 7
2 12
0 8
3 1
0 0
2 8
0 10
2 5
0 3
1 12
2 8
5 9
0 8
2 1
0 1
4 9
3 10
1 12
1 12
1 9
0 6
5 1
4 8
3 1
4 8
2 8
3 11
0 5
1 4
4 10
4 5
1 0
0 7
5 1
3 10
4 1
5 0
4 12
4 7
4 5
5 6
2 7
5 12
4 7
1 7
5 3
5 6
4 7
0 4
2 3
4 2
5 5
3 12
0 5
0 10
1 10
4 10
3 9
0 7
4 2
1 0
3 12
3 6
3 9
5 6
4 0
4 11
4 10
3 7
5 3
4 11
4 11
4 8
1 2
4 8
0 5
1 12
2 11
3 7
0 2
5 3
3 6
2 11
3 2
2 12
5 11
1 4
5 9
4 9
3 12
5 5
5 12
2 5
13 1

20 6
93
1 2
12 5
11 0
8 3
2 1
15 2
12 1
12 0
16 1
2 5
2 2
15 2
4 5
1 4
13 4
10 4
9 5
17 1
15 1
14 4
8 1
8 4
0 5
11 0
12 4
14 0
11 2
9 4
14 3
7 2
16 5
16 2
2 4
3 2
7 1
7 1
7 0
8 3
13 1
11 0
13 1
1 2
7 5
14 3
10 4
4 5
17 5
19 2
19 4
17 4
11 2
18 0
1 2
5 2
10 1
7 0
5 4
7 0
10 3
6 1
9 2
4 2
9 3
14 0
3 1
11 5
2 3
11 2
2 4
18 3
14 1
5 0
14 5
12 0
5 0
15 1
13 3
15 3
15 2
16 3
10 3
17 4
11 5
16 3
2 3
19 4
3 0
2 1
3 1
19 4
7 1
16 1
15 1
15 3

19 13
120
13 0
7 11
18 8
15 12
6 10
1 9
13 4
16 7
14 2
16 3
4 7
8 5
7 5
17 10
16 9
11 3
5 9
13 5
5 11
13 1
12 11
17 4
2 6
5 5
17 5
5 1
13 3
1 5
9 9
1 1
11 2
9 12
4 8
0 12
0 5
17 2
0 10
12 2
7 2
6 6
16 9
16 10
5 1
14 0
17 1
13 6
12 2
2 7
9 1
9 7
13 2
4 2
2 1
18 8
16 9
1 9
15 5
9 8
4 2
2 12
3 2
14 9
18 4
18 0
5 8
10 3
1 7
17 6
13 1
18 0
7 9
16 10
10 3
5 7
5 11
1 7
8 3
5 2
11 5
14 8
13 6
14 11
10 10
9 1
5 12
7 12
8 7
4 3
17 3
16 8
10 5
0 9
4 0
12 6
15 12
1 0
13 6
12 1
7 2
11 3
6 2
8 1
13 9
15 4
15 3
2 3
3 0
17 8
3 8
13 6
11 12
15 3
9 4
7 0
17 7
17 7
1 4
16 4
1 2
0 1
17 3
