20

18 6
17
6 4
2 4
5 3
2 4
16 5
5 2
5 4
4 2
14 3
14 4
9 2
13 1
6 0
2 1
6 0
10 1
13 2
5 1

46 10
24
22 6
14 7
36 4
44 6
15 9
40 0
0 7
22 7
17 3
13 6
28 0
32 3
3 3
10 2
5 4
3 2
44 3
26 6
28 7
12 5
36 2
8 3
41 1
17 5
5 1

28 37
36
25 12
19 3
14 7
27 19
4 14
3 36
17 6
8 11
10 4
0 12
8 13
6 29
11 5
5 21
8 10
22 10
5 35
5 34
0 12
1 3
1 19
26 19
27 18
4 15
21 18
14 22
24 35
6 5
8 12
2 32
6 21
0 6
6 1
17 29
18 2
24 30
5 1

13 23
22
0 0
11 17
2 20
2 13
2 6
4 5
4 8
11 8
0 3
9 5
2 0
11 5
4 1
2 21
0 1
5 12
6 6
12 3
1 6
6 21
7 10
4 19
5 1

37 32
24
21 9
11 27
31 11
30 8
11 26
8 5
25 8
35 16
36 9
25 13
17 11
2 0
14 19
8 30
20 26
32 9
33 28
26 3
16 31
13 9
7 11
17 25
32 28
4 29
5 1

15 49
48
4 18
4 37
3 13
10 13
7 14
12 2
8 31
10 37
6 5
9 15
0 9
4 40
1 17
6 39
1 15
6 37
12 45
11 46
10 35
3 8
11 34
7 47
2 33
13 8
4 38
7 23
2 14
2 36
14 24
11 45
7 15
1 24
12 19
12 44
2 24
5 23
0 42
5 9
11 33
0 45
9 31
10 37
6 16
5 26
8 1
4 10
0 27
7 22
5 1

27 42
11
3 35
5 14
14 10
21 9
10 3
10 14
24 5
12 34
6 39
6 15
20 28
5 1

16 34
33
0 20
2 31
15 3
5 27
10 6
12 7
13 33
11 32
12 2
5 2
14 4
5 26
0 18
5 24
2 9
13 15
6 26
14 29
15 6
9 25
6 20
14 1
14 10
8 7
14 18
9 28
10 1
12 16
7 12
10 21
6 10
9 27
0 1
5 1

50 32
13
26 21
39 29
24 13
7 21
24 12
37 26
47 12
46 2
14 2
4 29
16 10
32 22
6 8
5 1

20 45
2
16 39
11 37
5 1

27 13
1
25 8
5 1

40 22
18
17 11
17 8
17 7
14 16
23 18
2 1
33 6
16 10
31 9
26 3
27 6
21 15
33 4
1 14
10 18
26 4
24 0
3 0
5 1

47 29
32
2 9
21 1
42 0
15 19
46 1
30 1
24 19
19 13
17 4
41 16
33 13
41 27
37 28
40 22
14 26
6 10
12 28
46 23
18 23
31 12
24 2
24 28
40 15
45 16
45 3
8 15
35 26
38 27
46 4
39 10
11 13
4 9
5 1

3 5
4
2 1
0 4
0 0
1 3
5 1

32 33
12
12 28
6 1
10 3
2 3
14 31
2 30
20 17
15 31
16 24
26 21
19 7
7 13
5 1

39 38
16
0 25
14 4
21 13
25 19
18 16
18 36
19 9
19 27
11 23
17 34
18 13
11 32
26 12
30 1
0 21
8 10
5 1

50 31
8
40 14
9 3
37 16
7 5
47 7
28 11
8 3
27 7
5 1

49 19
19
36 18
19 18
9 3
28 18
35 18
28 9
44 11
17 8
28 5
13 0
0 7
38 3
29 14
36 10
29 9
42 8
45 13
3 12
18 5
5 1

21 28
27
17 0
19 4
19 0
7 3
11 1
14 10
7 25
16 2
17 14
10 5
6 13
9 11
0 2
18 10
0 23
8 19
3 19
0 9
0 20
3 10
19 18
0 8
16 15
15 25
8 0
14 20
14 16
5 1

29 16
23
23 7
10 1
17 6
17 1
20 13
8 2
19 11
25 10
1 13
18 1
13 12
8 2
13 12
10 0
14 6
9 7
28 13
10 4
11 7
12 4
21 14
9 4
10 13
5 1
