15

24 26
98
19 18
5 10
21 12
17 11
10 13
10 10
20 13
10 2
16 22
13 2
19 6
15 21
21 23
15 19
3 12
4 4
20 9
22 12
11 15
17 24
3 2
4 16
14 2
19 23
13 7
8 11
2 20
7 13
21 5
4 10
20 11
4 6
16 0
14 6
18 23
15 7
9 24
4 7
9 21
6 6
14 10
15 3
21 1
7 16
10 8
7 18
21 24
3 1
13 17
1 17
0 21
13 4
22 0
3 3
2 24
12 16
6 14
9 7
10 9
16 4
22 15
11 3
9 22
1 0
20 2
16 2
7 11
1 9
20 0
19 24
17 12
8 0
18 0
22 1
14 1
17 7
11 12
15 11
15 24
4 11
7 19
0 19
21 20
6 4
11 17
2 1
6 16
19 14
8 13
11 13
1 18
18 11
6 21
0 1
17 1
5 21
3 11
0 10
15 1

17 23
87
1 19
3 5
14 6
5 1
9 14
4 15
9 0
5 12
14 10
0 5
12 0
12 9
10 6
0 17
8 5
9 4
8 20
8 7
10 12
14 4
6 20
4 17
0 12
12 19
7 10
15 19
6 2
9 7
11 15
6 18
11 2
15 5
4 2
4 10
14 2
13 15
3 21
12 3
11 17
15 11
11 12
9 19
0 10
11 4
13 18
0 2
13 3
5 2
8 4
14 19
14 20
15 14
8 6
9 10
11 21
15 10
5 10
2 13
14 5
5 15
7 16
6 6
10 16
8 12
1 17
15 17
13 21
11 18
6 8
2 3
11 16
2 16
5 0
5 18
6 9
1 12
14 21
5 9
15 8
6 11
8 13
2 15
12 2
7 13
6 1
3 20
3 8
15 1

16 36
63
5 11
3 33
8 10
9 34
1 21
5 19
0 34
9 14
8 19
6 23
0 24
12 21
4 6
14 11
3 2
2 12
2 21
3 16
5 25
6 20
11 23
12 3
12 13
11 19
11 13
4 12
5 7
11 20
14 13
6 1
3 9
5 32
10 14
7 1
11 6
13 11
9 1
12 19
4 26
6 24
8 8
5 12
14 1
10 24
14 29
12 25
4 18
4 10
10 13
3 4
6 5
9 13
11 22
8 22
7 11
8 30
7 15
1 3
2 0
4 33
10 8
1 7
7 10
15 1

18 35
104
10 22
0 2
8 17
16 26
6 3
8 23
0 10
10 27
5 22
13 27
11 7
7 3
3 12
11 25
9 20
2 28
11 22
11 8
16 8
6 10
15 13
5 27
2 27
7 25
2 21
3 14
13 32
12 27
6 26
10 14
9 8
4 0
9 9
6 30
16 18
10 1
1 1
11 17
8 31
5 26
0 12
7 19
11 32
13 19
9 24
8 8
7 16
9 26
4 22
2 9
6 1
15 12
2 22
4 5
5 19
0 1
14 26
2 4
15 27
9 12
8 20
14 31
12 18
6 21
8 30
5 29
1 0
14 8
10 10
11 1
16 1
1 24
0 9
10 24
16 15
9 3
5 31
2 32
12 15
1 10
16 29
7 1
4 30
9 30
1 20
3 23
3 7
0 25
14 14
13 33
8 0
7 21
12 2
8 14
8 29
11 11
6 19
8 32
6 24
13 26
14 6
13 24
3 26
9 25
15 1

19 39
65
16 10
12 16
17 11
8 20
1 30
0 12
4 21
15 1
11 34
2 5
0 16
1 1
11 31
10 30
14 11
7 0
8 12
4 7
0 19
12 26
9 5
7 10
7 27
14 32
8 23
0 32
9 36
3 11
0 22
9 26
5 0
3 14
11 22
8 15
6 32
15 35
11 3
9 37
11 21
0 25
2 27
8 16
3 19
13 17
1 14
2 19
12 23
13 13
5 35
12 12
8 24
10 21
1 10
13 8
10 31
3 37
16 28
14 34
9 1
8 8
12 17
12 25
16 12
12 36
3 10
15 1

34 22
71
5 9
31 5
9 6
21 18
0 16
20 8
5 16
14 9
18 1
21 0
9 14
28 13
29 5
11 0
10 7
19 19
26 8
2 17
25 9
32 6
2 13
18 8
29 12
15 13
31 8
9 0
6 18
1 4
31 20
3 3
26 17
25 10
7 20
12 18
6 3
21 1
30 3
19 16
20 19
15 20
7 13
3 1
29 11
16 9
2 12
23 20
31 13
29 13
19 6
1 19
26 0
18 6
15 0
26 12
23 8
21 10
19 9
22 8
21 9
17 7
10 5
16 5
9 1
2 16
12 9
22 3
16 1
17 20
29 9
1 7
17 0
15 1

19 24
81
11 9
5 22
8 7
0 9
16 17
17 22
3 3
10 20
3 17
1 6
3 9
7 1
14 18
12 7
3 8
0 12
16 8
9 18
14 7
9 22
0 19
6 4
16 16
17 8
9 8
2 4
7 20
17 0
2 3
13 22
9 11
0 10
15 19
2 18
9 13
2 8
7 7
10 0
10 18
8 0
15 16
3 10
2 12
15 5
11 15
12 4
9 12
7 3
1 10
1 11
15 20
13 4
14 21
1 19
15 1
9 10
16 14
2 16
0 6
3 15
11 21
9 20
8 12
9 1
14 19
5 20
9 16
13 18
16 18
12 20
5 14
10 22
9 15
14 6
4 17
3 20
3 1
13 16
12 11
10 13
7 5
15 1

22 32
65
15 8
18 30
14 6
4 6
6 11
19 21
14 24
16 9
18 11
16 4
17 15
13 13
12 6
20 5
19 10
17 16
1 9
14 2
20 15
11 4
8 18
20 14
14 23
11 27
14 25
8 30
11 2
18 18
1 8
14 5
5 4
6 0
14 4
17 20
5 19
11 21
0 1
13 14
0 28
13 3
12 13
1 24
6 18
10 5
2 19
15 14
2 6
16 27
15 21
16 10
9 24
14 14
3 3
0 8
7 13
11 28
14 10
9 30
19 11
18 8
3 1
7 21
13 26
11 14
0 10
15 1

19 22
76
0 13
15 13
7 4
8 8
13 1
13 9
9 16
2 6
2 11
11 15
15 14
5 2
11 8
9 17
11 17
6 6
9 0
10 1
8 0
17 16
17 11
4 2
16 14
2 13
6 5
13 13
14 14
14 12
16 10
11 13
12 15
5 8
3 18
15 4
7 13
10 14
10 15
2 18
5 15
13 6
8 3
7 5
9 5
6 14
5 16
12 14
2 10
4 4
13 10
12 20
11 14
7 12
2 12
1 9
11 7
12 2
7 17
14 2
2 2
3 15
14 0
17 12
5 3
4 12
13 3
7 19
9 14
4 6
4 3
3 1
17 13
13 8
16 7
6 4
6 0
3 7
15 1

22 37
106
5 35
4 19
7 22
18 15
20 20
13 34
6 14
19 8
10 18
13 0
6 31
13 32
19 17
15 19
19 10
16 35
3 21
11 4
18 3
15 13
5 27
3 14
4 0
7 21
10 31
13 30
16 33
8 6
19 27
5 7
18 14
14 16
4 14
3 25
9 3
12 23
20 22
3 22
9 29
16 9
8 24
15 21
13 18
16 25
5 4
0 25
8 32
8 25
10 10
19 11
15 10
9 17
17 23
4 22
13 17
12 17
19 24
9 31
0 20
0 8
17 12
18 24
4 21
18 18
5 14
6 5
0 12
20 1
10 30
16 23
5 18
5 19
13 35
5 33
3 30
0 10
2 10
15 27
11 11
19 0
9 32
9 9
1 18
2 26
6 17
20 9
7 30
5 11
7 32
20 31
18 23
0 5
6 8
2 34
15 32
9 7
16 2
14 34
6 0
18 12
11 17
5 6
18 25
13 16
9 21
18 11
15 1

21 15
105
16 8
3 12
12 10
14 13
14 10
0 4
1 0
13 3
18 8
13 9
9 12
1 5
6 0
17 10
19 13
13 1
10 0
4 8
15 13
18 4
12 13
15 5
6 1
3 1
7 0
16 7
8 3
3 8
18 13
14 0
12 0
5 13
11 13
7 9
14 8
11 6
10 3
11 0
2 5
17 8
16 4
12 1
3 7
1 11
18 6
10 1
4 10
13 4
6 9
19 11
0 11
19 1
18 1
5 3
16 12
14 2
19 12
1 10
14 9
9 4
2 10
14 7
0 2
13 13
12 4
17 11
0 1
18 11
9 0
16 9
9 3
17 5
16 11
16 2
17 12
13 7
7 12
4 0
2 11
2 0
12 2
4 5
10 5
3 4
7 10
9 11
6 5
1 4
13 10
3 3
15 6
1 6
4 4
12 12
10 11
1 8
0 0
4 1
3 10
14 12
0 6
10 8
6 12
17 7
18 5
15 1

35 34
76
22 17
2 2
28 23
22 5
16 5
13 24
23 25
1 11
6 20
15 9
3 7
30 16
27 13
29 32
19 9
3 25
15 7
9 17
12 7
28 30
27 31
15 3
20 23
30 3
8 5
1 2
29 23
3 19
30 29
6 13
2 11
0 8
31 29
27 7
16 22
2 4
28 18
14 22
12 4
8 18
21 32
24 6
1 12
20 19
1 25
29 7
27 4
25 20
2 14
12 19
23 2
25 10
4 2
32 20
10 24
12 10
23 17
10 23
32 3
7 1
1 1
18 0
22 28
28 21
25 29
5 15
10 0
33 19
23 19
24 24
27 19
6 7
12 5
29 2
18 20
32 25
15 1

37 38
76
30 34
32 18
1 9
24 15
17 28
7 3
29 2
19 29
9 30
11 21
8 28
3 29
35 21
28 6
17 23
35 16
25 13
22 32
29 34
2 4
20 13
7 11
11 25
21 10
21 7
3 24
32 20
34 8
18 6
32 8
5 8
24 25
22 1
2 22
31 3
20 34
11 3
14 11
26 27
7 16
2 9
17 24
9 6
32 36
27 13
23 27
3 36
7 31
14 20
21 30
29 7
4 7
7 25
8 18
9 3
25 32
35 18
33 29
11 35
11 17
16 5
15 25
11 5
13 26
11 13
27 17
9 22
34 24
33 30
2 16
17 27
14 36
26 5
24 23
26 22
26 10
15 1

29 32
74
15 16
8 29
4 3
11 9
27 4
1 2
1 17
0 5
11 14
0 16
3 11
7 3
14 26
2 18
23 18
24 0
18 7
21 26
1 13
0 30
2 29
6 19
6 0
9 28
6 3
13 11
18 11
9 29
0 0
25 2
11 11
26 12
19 24
0 4
16 4
16 1
3 16
15 18
12 4
3 14
23 3
15 15
7 0
24 18
13 12
11 29
22 22
8 18
1 19
17 21
10 9
13 16
26 3
25 6
14 1
21 23
19 25
23 9
26 16
14 22
27 25
22 6
2 7
13 7
10 4
22 12
1 5
27 26
6 14
14 15
16 23
12 14
5 5
17 5
15 1

34 30
60
9 1
13 23
22 1
15 8
6 23
15 19
11 15
6 13
24 16
32 7
21 19
28 9
29 12
9 25
14 23
11 9
21 14
17 20
5 2
31 13
26 19
1 21
23 13
7 5
10 22
14 12
1 8
8 27
26 5
27 0
14 5
25 10
18 17
4 24
24 15
14 10
12 15
11 26
15 6
17 17
21 18
13 0
10 25
3 18
17 3
25 23
7 19
32 14
15 11
25 7
3 1
20 15
21 13
26 2
7 13
13 27
27 21
0 19
20 11
32 13
15 1
