6

35 34
60
3 13
15 17
2 11
3 27
6 22
24 6
34 31
21 15
10 10
17 15
5 26
9 9
22 9
22 11
22 20
10 6
19 6
23 18
9 17
29 23
21 32
23 20
5 5
8 32
24 20
22 3
4 1
5 19
33 5
28 18
6 11
12 15
30 10
8 20
17 19
24 17
32 27
10 31
12 21
8 15
34 31
23 14
2 27
13 18
4 8
20 18
28 14
9 14
16 26
28 29
8 26
9 4
16 25
25 10
29 17
34 28
17 24
1 1
31 2
23 29
5 1

33 34
60
26 29
2 21
11 26
17 32
8 7
26 14
22 4
10 2
22 4
2 21
26 2
32 6
32 18
24 12
29 25
32 33
8 16
4 25
23 33
12 10
20 2
31 21
4 1
30 22
17 15
3 33
28 29
23 23
25 23
28 6
11 15
5 8
2 13
15 27
13 30
19 4
20 3
6 18
30 29
3 21
27 25
14 27
5 1
26 3
16 13
9 18
31 15
14 7
6 6
13 25
3 17
18 18
26 25
2 27
6 20
10 2
32 30
10 11
21 18
25 2
7 1

30 31
60
2 10
18 20
5 11
18 28
1 28
1 19
24 5
9 16
26 7
2 15
1 11
14 15
14 2
23 3
9 10
20 26
5 6
8 16
12 19
17 26
23 7
20 29
11 2
25 2
22 11
6 9
3 5
19 26
29 18
3 6
25 11
20 27
26 30
9 15
13 6
26 22
22 23
23 2
27 25
12 30
1 14
3 16
14 20
25 18
19 17
20 15
26 30
16 9
6 1
24 24
21 20
14 29
11 11
7 7
4 14
9 12
3 2
19 20
1 16
26 25
5 3

33 33
60
28 32
25 10
22 7
12 1
8 2
26 22
23 25
18 21
3 8
31 13
22 22
21 2
21 17
20 22
32 21
26 10
26 25
19 18
21 21
20 24
26 5
30 9
17 13
22 22
9 19
28 6
4 16
23 7
20 27
27 4
25 9
24 26
19 2
28 12
11 5
23 16
21 8
27 28
23 30
32 31
9 17
22 13
21 6
23 2
11 19
16 4
5 8
16 13
32 18
13 14
14 26
32 5
17 18
29 14
4 3
15 15
11 22
23 13
25 11
15 20
7 2

33 33
60
4 27
4 30
10 25
25 20
27 14
11 20
29 5
22 29
29 2
17 30
29 20
15 10
24 21
3 32
21 11
27 22
20 6
27 4
32 12
23 32
1 6
17 11
24 14
31 17
22 29
10 20
27 1
18 1
7 29
17 14
31 12
28 21
27 8
25 17
28 21
3 9
8 28
29 13
3 5
19 26
26 7
5 2
12 4
3 20
24 23
21 30
9 8
15 3
4 15
7 28
14 2
30 28
2 30
17 26
20 30
24 5
20 26
27 26
17 31
32 26
6 1

31 34
60
7 7
5 22
21 13
11 1
12 25
10 11
24 7
2 4
29 8
4 31
22 22
9 10
19 1
7 33
12 2
6 20
6 31
7 28
28 21
23 15
11 5
3 28
7 5
12 18
28 22
13 7
1 13
23 21
14 10
30 24
1 13
26 14
28 16
1 31
16 26
18 5
27 17
24 7
13 9
25 6
23 4
3 18
25 33
24 18
20 26
19 25
17 2
25 33
18 6
15 12
20 27
12 11
3 29
25 6
22 16
11 19
22 32
6 24
18 2
11 8
6 3
