11

9 12
46
4 9
2 0
7 0
4 1
2 5
2 5
4 2
0 10
0 2
7 4
2 5
0 6
3 9
6 3
5 2
7 0
2 10
6 8
4 1
1 9
3 2
6 10
0 2
2 2
5 2
2 10
2 2
4 8
1 5
5 7
7 9
1 6
6 3
6 8
6 0
0 9
2 10
6 3
0 1
7 5
6 6
6 6
3 2
2 5
1 6
2 10
67 12

11 12
26
4 7
4 4
0 10
2 5
0 7
3 0
3 3
4 5
3 1
6 10
1 7
6 10
4 6
4 0
1 6
7 6
4 7
6 10
4 10
0 1
9 3
4 6
0 2
0 3
1 3
2 7
73 8

5 25
54
3 3
2 17
0 11
0 17
2 3
2 14
3 5
0 9
2 15
3 14
2 11
3 12
1 5
2 19
3 16
3 17
0 2
1 15
2 9
1 4
2 17
3 22
2 3
2 4
0 13
3 4
1 2
0 8
3 6
2 23
1 7
2 18
0 21
2 16
3 19
3 7
0 6
3 23
3 5
1 17
1 12
1 13
2 15
2 20
2 14
3 6
0 5
0 5
1 8
3 4
2 0
2 10
2 14
1 21
78 11

7 23
25
4 12
5 0
2 1
2 2
0 2
4 7
5 8
1 18
4 17
1 3
0 11
4 14
5 20
2 12
4 7
4 19
1 19
2 1
2 16
2 19
1 21
5 2
0 17
4 21
0 6
79 8

2 21
2
0 9
0 7
14 2

18 15
13
9 3
13 7
14 3
14 11
0 0
2 4
8 3
1 2
3 2
1 6
13 1
16 10
1 2
40 10

2 21
19
0 4
0 12
0 6
0 7
0 4
0 15
0 6
0 12
0 1
0 9
0 12
0 5
0 4
0 5
0 4
0 8
0 12
0 18
0 11
39 19

12 14
46
10 10
5 12
8 9
6 3
5 3
3 0
0 3
3 11
4 6
9 1
3 0
1 6
3 7
0 8
6 0
8 5
10 11
7 1
0 7
9 3
10 9
5 12
9 3
2 11
10 1
5 0
8 11
6 6
2 10
7 11
2 10
4 5
2 5
2 6
10 8
7 1
4 11
2 5
10 5
7 12
4 4
0 4
6 2
1 5
3 9
0 3
13 1

2 10
8
0 0
0 4
0 4
0 3
0 6
0 5
0 1
0 2
67 21

11 7
19
6 4
7 0
1 1
0 5
9 1
3 2
5 1
5 2
0 0
3 0
4 4
8 4
9 3
8 2
6 0
4 4
2 0
2 1
7 5
21 2

7 18
1
4 6
20 1
