5

61 66
94
57 35
27 56
44 3
8 22
4 34
31 44
28 59
56 22
47 56
33 14
42 54
57 60
9 56
18 55
15 17
0 41
5 58
48 21
54 64
25 5
37 26
57 40
38 12
43 31
5 56
15 62
50 4
32 32
1 7
3 55
18 59
33 8
36 57
16 42
16 2
27 20
39 29
1 46
19 55
43 43
5 53
12 18
13 25
57 49
35 4
34 52
8 0
20 44
26 22
14 45
19 0
40 52
8 57
15 5
31 40
54 22
58 16
35 18
52 21
28 4
36 37
23 20
11 50
31 24
20 16
23 29
30 0
38 45
48 44
8 34
53 29
57 44
9 27
3 20
7 61
32 5
36 13
30 65
39 21
28 2
51 23
42 50
58 43
1 14
15 12
6 35
13 37
60 17
39 6
28 46
36 58
30 30
55 8
0 1
194 9

99 92
85
30 1
93 63
41 17
90 46
55 6
23 47
70 29
88 80
76 55
41 47
49 87
3 10
96 61
16 13
71 17
50 85
24 14
72 57
84 35
47 17
21 61
97 57
12 5
66 68
51 20
53 14
44 59
23 26
24 3
84 87
81 9
94 79
76 85
68 3
29 4
98 69
85 33
40 12
80 15
82 47
12 91
30 90
89 22
93 36
89 51
8 46
13 60
74 84
68 66
50 81
56 56
46 32
44 28
39 35
89 21
54 27
55 40
55 27
38 90
57 35
29 83
96 58
66 12
31 52
13 86
31 5
28 87
14 47
60 69
96 66
74 9
49 59
35 67
74 59
54 86
96 10
95 73
23 76
65 68
93 19
30 25
45 61
98 9
30 43
12 35
48 4

53 93
96
47 77
16 64
35 10
11 84
10 52
28 86
8 29
19 14
28 29
21 27
8 75
27 35
43 78
35 6
13 42
46 71
43 65
38 87
23 52
52 72
16 14
51 40
38 12
15 92
3 83
32 75
13 37
30 32
16 92
3 44
31 11
48 64
17 63
47 55
9 42
32 30
32 3
29 6
48 29
41 53
27 27
21 80
5 53
23 87
22 55
30 90
34 57
23 47
38 24
17 47
22 40
19 29
6 53
29 58
18 38
10 6
37 52
44 36
41 11
43 61
52 63
43 37
4 24
42 51
42 91
36 21
14 81
44 81
9 85
32 27
37 62
52 0
32 23
21 33
37 63
9 3
12 56
27 58
45 29
38 32
33 20
45 64
35 8
4 46
14 1
52 26
37 9
30 84
21 61
47 62
43 21
52 62
35 12
50 61
0 38
41 66
144 5

73 92
92
33 27
3 16
22 26
51 29
31 83
27 32
38 80
42 48
13 63
30 64
51 88
13 37
48 58
0 15
44 24
58 53
52 73
14 3
29 58
20 15
15 17
68 19
13 9
35 67
39 40
67 20
66 61
68 54
69 77
58 73
68 9
29 49
56 39
49 78
3 33
57 2
28 37
55 44
1 37
52 15
67 47
27 62
54 80
14 33
58 41
1 62
11 89
28 29
58 21
64 82
41 57
48 1
13 42
38 76
33 54
23 12
47 74
56 66
40 46
46 75
38 22
63 87
63 14
11 43
63 80
62 77
36 54
28 35
37 73
31 83
51 19
65 84
16 66
22 12
14 66
50 16
27 29
69 3
42 76
34 66
68 68
48 57
45 79
48 34
37 59
63 83
45 17
8 28
16 42
71 11
26 63
67 53
218 6

69 68
91
46 63
11 24
47 24
47 22
62 21
53 24
3 21
56 0
50 50
51 59
20 62
58 14
3 29
33 26
35 59
24 42
14 29
6 13
6 46
60 66
30 53
18 50
36 8
47 7
15 17
13 37
57 50
50 46
9 30
16 2
5 62
28 32
19 51
23 16
29 21
7 45
30 52
24 21
2 18
55 0
32 42
23 55
41 37
52 52
30 54
67 45
22 46
66 11
32 56
9 7
5 66
52 24
13 12
44 60
51 22
3 5
1 45
6 45
42 51
64 22
68 31
10 26
60 17
34 56
67 13
55 23
31 48
50 3
18 41
1 38
67 63
54 9
41 60
12 63
60 24
30 13
12 24
53 5
19 24
37 55
33 57
32 66
34 66
50 45
50 4
23 43
66 6
18 47
40 55
64 50
50 67
94 7
