8

7 10
10
5 6
6 9
2 1
5 5
4 4
3 6
6 3
6 8
6 1
2 2
10 2

89 96
99
4 72
37 8
57 89
27 80
82 25
36 84
23 79
71 50
35 1
8 93
25 28
53 15
11 9
2 31
6 45
87 69
36 62
54 26
9 81
12 90
65 91
22 30
69 7
2 33
76 93
74 70
58 59
88 1
65 31
9 83
82 26
16 66
64 5
79 79
17 38
9 64
50 56
36 76
59 46
2 7
4 11
80 38
3 34
19 75
36 71
73 14
57 86
15 25
47 44
38 17
7 50
12 83
35 47
43 9
42 76
51 10
55 61
85 95
76 87
81 33
87 73
31 31
21 63
42 91
73 32
88 61
16 62
3 28
15 80
56 75
25 21
80 20
37 37
4 18
68 62
26 58
85 34
76 70
36 81
63 76
87 46
77 36
30 25
66 57
82 70
58 38
29 58
54 14
81 46
24 92
11 51
60 83
40 48
1 22
54 59
73 84
39 43
66 85
8 57
170 8

47 84
26
36 31
31 16
46 82
5 55
9 7
42 72
13 12
11 47
26 63
28 6
41 2
25 40
32 7
5 35
42 42
9 56
13 6
38 52
17 30
45 57
33 34
1 27
14 16
43 63
12 59
16 53
121 11

9 9
3
4 3
4 4
4 5
3 1

97 198
80
43 24
84 19
78 124
38 58
64 11
22 7
19 32
46 166
92 176
48 104
50 170
75 2
64 174
53 97
18 14
62 13
86 66
86 152
42 57
59 196
50 173
18 143
86 138
12 141
66 14
11 140
91 91
93 116
33 169
42 184
7 177
9 117
40 31
14 171
26 141
39 131
26 101
1 128
65 10
11 190
72 165
78 23
93 186
12 85
36 59
40 114
82 135
88 122
74 118
30 144
53 52
42 191
64 88
41 85
43 61
88 58
71 94
18 47
8 194
61 93
3 141
48 193
28 164
78 117
57 77
85 14
71 76
39 94
38 166
44 101
49 137
95 11
37 24
81 74
48 134
51 156
93 166
67 166
74 90
65 165
117 17

7 7
22
1 1
1 2
1 3
1 4
1 5
1 6
2 1
2 2
2 3
2 4
6 6
6 5
6 4
6 3
5 4
5 2
3 3
3 4
3 6
3 1
4 4
4 5
17 3

50 60
22
6 49
20 48
41 14
48 18
44 49
3 48
40 41
41 6
42 23
47 27
17 57
31 12
30 15
16 38
19 44
21 31
3 31
18 41
4 46
23 49
33 37
3 37
25 5

114 29
110
31 25
70 10
26 22
83 19
59 22
95 20
63 9
39 17
48 7
24 22
14 3
10 13
67 27
89 13
26 22
32 13
64 4
59 20
109 1
53 28
46 15
29 5
41 10
21 22
56 0
18 5
36 8
66 5
88 4
87 7
112 7
48 21
57 11
16 11
93 18
73 11
92 7
42 16
96 25
10 6
88 0
112 6
70 2
15 7
64 10
107 23
30 5
112 4
13 15
78 28
27 22
108 25
42 22
44 2
105 0
37 25
7 16
56 28
30 5
12 11
28 25
95 13
78 24
14 17
28 6
51 9
23 3
111 28
7 3
96 24
80 1
38 16
2 1
84 20
79 0
100 26
47 8
82 10
107 13
19 15
74 22
93 20
63 0
77 27
65 14
102 4
40 7
80 5
61 8
51 18
11 11
104 6
39 15
103 26
44 17
5 17
108 9
22 26
26 18
113 0
43 22
15 5
13 21
63 4
64 15
94 18
1 15
49 6
97 17
40 0
19 19
