6

11 37
31
7 11
8 22
2 12
4 25
7 24
4 24
10 31
3 7
2 24
2 3
3 3
5 9
9 26
7 6
10 8
2 17
2 4
4 27
3 2
9 32
9 11
9 32
10 7
10 3
8 12
5 6
8 22
5 23
7 20
3 10
9 3
80 10

37 5
69
35 2
15 2
19 2
8 1
36 2
11 4
27 2
21 2
2 1
20 3
25 2
10 4
22 1
7 4
11 2
9 1
10 1
31 2
27 2
22 3
12 3
29 2
3 3
25 2
1 3
29 4
5 4
12 1
28 3
33 3
25 2
21 2
16 3
33 2
28 2
32 3
2 3
15 4
13 4
24 4
9 2
36 1
3 4
22 1
29 1
14 3
9 4
8 2
8 1
16 3
7 3
13 2
20 1
27 1
33 1
34 4
19 3
9 4
15 4
12 1
35 1
35 2
29 4
12 2
28 3
20 1
9 2
2 1
30 2
23 7

51 46
126
13 8
43 23
30 10
49 27
28 36
45 26
30 25
16 23
12 22
21 4
32 7
3 42
4 37
44 7
15 8
10 8
35 22
38 36
38 35
19 7
47 37
2 12
48 37
32 30
50 15
29 29
26 33
9 5
45 26
25 44
36 39
8 43
33 42
13 30
1 30
33 29
33 4
30 14
16 26
21 12
26 34
32 3
33 10
50 16
29 37
12 8
46 33
10 41
1 10
27 11
18 27
12 16
10 29
14 1
28 18
37 32
6 4
39 24
48 35
14 27
2 25
9 7
27 30
43 10
21 20
1 25
30 25
22 20
31 17
28 39
17 38
23 33
24 45
1 40
1 24
10 26
23 41
28 7
6 8
50 37
31 38
1 30
21 10
37 42
11 23
32 7
5 31
2 40
14 22
11 2
10 14
40 39
35 23
47 7
2 28
43 15
23 1
8 22
47 25
12 44
19 43
37 41
19 3
36 40
34 40
40 31
38 1
33 42
20 24
1 11
20 4
38 3
41 41
38 9
3 25
33 24
49 34
31 42
2 27
25 6
17 36
41 9
8 5
27 1
36 34
48 16
192 101

25 35
150
23 27
3 33
18 18
14 23
8 31
23 19
10 4
19 3
14 12
4 14
9 16
22 24
6 15
6 14
9 33
19 32
16 2
20 16
7 30
9 27
16 16
5 29
16 18
3 28
3 11
23 4
10 26
4 29
17 10
21 24
6 1
5 23
14 27
22 10
13 22
11 33
1 14
12 8
1 32
8 12
23 33
22 29
10 28
7 27
7 14
20 12
21 22
3 32
6 10
11 34
8 12
24 31
19 20
10 30
3 2
19 3
5 2
20 16
19 13
14 6
13 33
10 10
14 11
18 10
1 17
15 22
9 13
4 30
24 13
21 17
13 14
11 29
8 9
6 14
17 16
7 2
17 30
22 26
15 26
22 24
3 28
17 16
23 1
18 4
17 24
24 21
23 19
22 21
7 9
22 20
2 34
2 12
9 6
6 30
15 13
8 3
5 13
19 27
13 22
12 28
15 2
15 25
20 33
5 34
6 33
3 22
20 8
10 2
9 18
9 16
11 3
17 3
5 23
10 31
13 13
2 22
5 10
18 34
18 9
4 24
5 19
22 3
7 17
22 33
15 19
13 31
12 3
19 5
20 26
13 8
9 34
7 9
22 15
17 16
15 21
6 26
21 31
21 32
7 18
14 5
6 13
18 16
15 18
12 10
20 6
23 6
9 27
2 32
18 17
12 17
37 21

66 55
90
64 35
35 15
22 38
30 51
45 42
5 16
30 21
32 6
59 32
43 12
2 41
14 30
24 29
52 20
30 1
64 19
33 24
24 25
32 50
5 24
39 33
62 37
12 34
35 25
28 12
46 52
18 45
65 2
54 11
10 46
5 7
25 22
63 35
32 11
30 16
5 22
26 19
31 39
11 28
24 45
34 38
60 29
8 15
32 12
43 24
32 41
12 40
37 29
18 5
24 49
7 41
26 1
45 13
31 30
18 32
35 8
6 11
65 45
15 24
43 46
25 45
44 16
22 38
54 28
24 24
24 10
7 1
32 10
32 18
8 21
2 3
31 8
18 38
43 3
20 1
8 2
61 43
54 18
21 31
20 35
26 38
26 44
2 3
10 23
54 42
33 29
38 9
57 26
22 26
24 5
93 31

24 39
72
22 1
12 15
1 27
21 18
19 13
19 3
14 34
7 29
8 32
13 9
18 37
4 29
18 38
4 8
11 14
8 15
16 30
10 3
22 1
14 7
17 14
1 17
6 32
7 18
6 10
5 17
14 27
22 38
16 30
3 29
5 13
7 38
14 6
9 20
5 7
18 24
12 23
18 19
17 35
23 27
13 23
16 23
8 32
11 14
2 29
22 37
15 11
23 14
11 10
11 29
2 29
6 19
16 4
6 18
11 4
8 18
2 21
15 25
5 11
10 34
21 15
5 23
15 17
13 4
9 20
11 30
11 9
8 8
13 5
5 37
18 36
13 5
192 97
