5

9 15
112
7 4
6 13
7 12
5 2
4 9
1 10
8 5
0 6
8 7
0 14
6 1
2 8
3 4
1 0
5 1
4 13
4 0
0 8
6 14
7 6
0 0
8 2
6 11
7 4
0 6
2 9
0 1
5 11
2 14
7 10
2 4
1 11
3 2
2 12
7 13
1 8
8 14
3 4
0 9
1 8
3 10
2 5
0 0
1 1
3 13
4 13
3 11
2 8
7 0
3 8
0 6
4 14
7 11
1 9
6 12
2 12
5 11
5 2
4 6
7 4
8 9
1 9
2 13
4 3
7 1
4 3
5 4
5 8
3 9
4 14
1 10
3 9
4 6
3 7
7 5
5 13
8 11
2 4
7 12
7 3
7 14
7 1
2 7
7 14
6 2
0 4
2 6
8 7
7 14
4 0
3 12
1 7
8 12
3 11
8 13
2 5
3 6
4 12
6 13
1 14
3 14
6 10
3 1
7 14
0 5
6 1
2 10
6 11
5 11
7 8
0 11
8 3
435 21

42 8
73
5 5
12 5
36 4
4 5
18 1
35 7
25 6
21 7
33 0
32 5
1 1
12 3
15 2
19 2
28 1
33 2
35 3
2 2
31 5
15 0
3 2
6 1
39 7
38 2
39 5
39 5
6 4
14 0
6 6
29 6
9 1
4 6
2 1
15 6
9 7
25 6
5 4
28 1
9 5
3 5
30 5
32 1
3 1
40 6
40 2
19 3
36 4
7 5
37 3
26 6
14 0
30 5
30 7
8 4
35 0
21 0
9 7
3 2
3 0
9 3
26 3
19 6
30 5
39 7
13 7
29 3
17 7
16 3
9 5
39 0
25 0
17 4
0 5
907 94

42 45
132
35 9
34 0
20 42
20 42
36 26
37 25
14 11
25 0
14 10
17 2
32 2
11 39
13 20
30 40
15 30
30 24
25 14
15 36
30 2
14 37
41 18
25 0
28 30
27 3
4 11
25 24
2 0
4 5
40 15
27 34
5 13
27 11
11 31
10 44
1 36
35 30
0 32
2 33
32 4
27 36
41 12
34 18
24 11
9 15
2 22
2 44
33 19
22 5
36 6
36 12
17 36
13 42
23 28
17 33
2 29
6 42
7 36
26 0
36 25
40 21
33 1
14 20
3 44
37 13
16 20
4 22
22 38
12 14
6 20
37 32
31 6
33 36
18 7
3 27
26 1
40 17
5 20
32 29
13 17
12 7
24 44
32 16
10 6
12 9
23 14
33 0
3 31
26 34
40 38
11 15
13 21
4 12
12 14
22 34
27 5
29 38
36 5
23 21
17 3
35 1
14 29
34 25
23 16
32 29
20 14
15 12
8 11
31 12
18 42
12 28
25 25
14 41
25 6
34 20
38 44
36 7
32 9
32 14
23 4
7 30
27 42
26 35
16 12
41 22
25 24
35 15
26 44
21 13
29 15
2 25
41 18
8 39
1470 40

11 34
28
10 31
6 25
3 27
2 9
2 18
10 30
4 3
9 9
0 33
5 6
4 10
4 22
3 11
7 5
7 21
3 13
4 11
9 14
6 30
7 10
2 16
2 32
5 8
10 8
1 13
2 14
10 29
10 19
72 99

36 26
31
30 11
12 9
28 9
31 8
32 3
23 4
18 23
21 9
8 8
34 11
2 19
3 13
17 14
4 17
35 18
24 22
13 18
32 17
17 6
11 11
1 25
20 9
14 11
26 21
19 5
9 20
30 7
0 10
17 23
20 16
24 22
1996 72
