10

100 100
50
89 65
96 62
56 2
32 46
51 37
12 40
2 44
19 90
70 65
43 8
69 3
56 10
89 44
45 8
23 22
15 52
96 83
55 59
60 66
91 19
71 6
82 77
60 36
94 51
69 26
89 54
37 55
10 8
35 58
81 99
98 94
25 87
98 3
63 26
60 26
69 53
1 69
80 65
56 32
23 50
23 32
14 87
13 84
71 41
57 16
7 21
38 96
96 94
4 7
56 72
10 1

52 52
100
46 26
26 12
16 2
38 22
6 26
49 16
27 8
2 42
37 24
2 12
11 43
25 28
30 5
42 17
20 10
33 18
41 14
22 16
30 11
49 8
41 49
20 46
39 26
42 37
10 15
40 44
25 15
20 30
29 29
39 11
15 27
31 5
42 43
49 36
2 8
3 18
44 31
19 22
10 7
32 49
18 40
23 1
12 45
6 27
22 18
5 42
34 50
13 4
46 48
35 27
7 8
39 16
48 47
20 8
41 7
21 7
48 45
39 32
14 36
28 20
42 41
33 12
5 6
28 36
6 46
33 39
51 47
23 40
15 3
39 8
8 36
41 51
2 20
15 30
3 44
39 44
15 32
49 31
43 33
9 29
24 13
5 28
32 42
38 17
46 48
17 2
49 29
32 2
31 47
9 7
14 31
33 17
21 8
31 3
21 25
15 33
19 2
45 27
14 9
19 1
10 1

100 100
200
78 8
59 56
63 71
49 13
46 93
63 62
16 5
24 51
11 19
49 83
21 56
42 5
4 23
8 22
28 71
69 76
31 44
50 78
36 59
2 23
36 30
87 3
16 52
60 99
13 87
98 50
26 46
84 92
48 7
65 52
26 90
55 91
79 24
8 21
90 49
6 10
72 76
51 73
48 20
72 40
85 64
41 57
61 38
34 75
61 88
11 10
91 41
83 89
90 67
80 74
87 4
40 85
28 82
96 5
77 21
42 35
75 30
66 30
27 93
29 80
57 33
29 34
29 48
70 43
15 94
96 97
9 25
85 58
3 52
75 33
36 2
30 73
7 47
69 32
19 25
16 79
57 21
66 55
89 24
90 50
5 14
26 5
9 53
23 6
96 5
30 88
36 75
75 95
86 9
3 25
88 25
75 18
50 94
19 31
68 43
38 74
78 74
70 87
77 58
56 78
68 32
63 75
90 42
5 62
9 9
67 70
79 46
34 21
72 60
65 83
55 48
84 2
29 62
5 46
79 12
45 31
51 7
57 95
47 51
50 25
77 83
9 33
65 72
89 84
89 82
54 40
73 92
78 7
34 14
30 70
74 25
6 79
81 45
24 6
58 41
67 61
11 24
59 99
39 74
53 60
27 65
86 58
91 39
22 98
50 85
4 36
47 38
44 86
30 39
37 86
34 25
65 25
29 77
55 27
14 74
47 20
38 80
2 15
35 41
41 11
80 47
56 82
58 84
48 94
61 59
61 12
25 45
68 8
94 57
22 13
63 13
13 62
4 53
81 9
3 94
25 76
67 11
38 98
17 24
11 29
36 88
90 31
75 57
22 89
93 35
2 83
91 39
29 71
59 48
41 15
26 8
51 17
58 57
91 6
3 92
48 91
72 76
42 28
86 33
26 52
10 1

20 20
10
1 16
13 12
4 14
10 18
2 14
14 8
5 2
10 4
11 10
16 4
3 1

20 20
10
17 6
6 11
18 13
5 12
5 9
12 2
18 7
11 19
19 14
3 7
4 1

20 20
10
16 11
15 9
15 17
18 2
17 15
13 7
17 19
1 14
8 17
2 13
4 1

20 20
10
3 14
15 2
7 5
5 16
16 13
12 6
2 18
18 4
1 8
5 10
4 2

20 20
10
14 7
10 10
12 10
8 18
5 11
10 15
11 4
10 15
10 5
8 17
3 1

20 20
10
16 1
4 6
6 18
16 5
6 1
18 13
14 10
10 6
9 2
7 16
6 2

20 20
10
16 7
8 14
14 12
7 17
9 5
5 14
11 6
18 4
5 8
7 2
10 1
