15

11 7
17
9 1
3 0
4 1
10 1
9 0
0 1
8 1
5 4
5 3
7 5
5 6
2 6
3 5
7 4
7 6
10 4
4 4
19 4

12 6
15
4 3
5 0
9 5
5 5
0 3
7 1
6 1
3 1
5 4
5 3
4 4
6 2
4 1
0 2
2 3
11 4

11 4
1
8 0
6 4

15 3
19
14 0
7 0
9 0
8 1
6 1
10 0
9 1
8 0
5 0
14 1
13 2
0 2
14 2
11 2
2 1
4 0
3 1
10 2
3 2
9 5

10 22
65
3 3
0 3
3 15
3 8
7 10
6 19
4 3
2 16
2 8
8 19
2 12
1 3
3 1
6 21
7 1
8 6
0 10
2 3
5 18
5 4
7 9
1 6
2 21
8 7
4 11
1 0
1 17
9 10
3 20
4 12
1 7
1 16
8 12
5 16
6 5
5 21
8 8
4 9
9 7
3 4
4 10
7 11
0 12
3 16
3 2
4 0
8 21
7 15
2 15
2 18
9 6
7 19
9 19
9 0
2 4
1 4
4 6
3 17
3 6
6 10
6 16
2 9
1 21
3 18
4 4
6 4

9 19
74
2 9
4 14
0 16
0 14
8 2
5 17
3 1
5 11
2 16
5 18
5 5
4 5
8 17
2 2
1 8
0 2
6 16
7 1
3 2
7 18
2 0
3 5
6 5
7 16
6 7
1 17
1 5
2 8
3 7
4 12
2 17
3 8
5 6
0 7
3 13
5 16
4 16
0 17
0 9
0 13
1 18
1 2
3 18
7 7
4 0
4 3
5 0
6 1
6 6
4 1
6 0
0 11
8 14
7 14
6 14
7 12
5 13
7 17
5 10
8 16
0 0
3 12
4 17
8 12
8 8
3 17
1 14
8 9
1 12
3 14
5 15
5 4
4 2
2 3
5 3

11 9
3
0 0
5 0
8 6
9 4

7 6
19
3 4
3 5
0 5
4 5
3 1
0 4
5 5
5 2
1 0
2 2
3 3
0 1
5 1
5 3
6 4
2 1
6 1
4 1
1 3
20 3

7 8
9
5 2
3 4
2 5
1 6
4 2
6 6
0 5
2 2
1 7
19 5

12 22
49
9 14
6 8
9 1
8 7
7 7
2 6
1 21
2 17
9 18
1 19
5 8
9 10
10 18
8 4
10 4
10 6
8 19
1 4
0 7
6 14
10 12
2 20
1 13
5 1
7 1
5 7
3 4
1 6
8 9
7 20
5 10
7 2
7 0
6 20
9 2
7 19
1 8
9 20
1 5
7 15
2 19
5 4
7 6
3 3
4 9
5 5
4 3
8 20
0 17
8 5

7 9
27
0 8
5 2
4 6
3 5
2 2
5 3
6 3
2 0
1 0
0 6
6 1
3 6
3 7
3 1
5 1
3 2
0 1
4 0
3 3
5 7
6 0
3 4
6 4
2 3
0 2
4 2
1 6
8 5

13 3
8
0 2
11 2
7 0
9 2
12 1
12 2
8 0
4 1
8 4

4 17
10
3 15
3 8
1 6
0 3
3 5
2 8
0 11
2 7
2 14
3 13
18 5

14 24
6
3 12
2 19
8 7
4 19
11 9
5 11
14 5

4 23
10
0 16
1 0
2 2
2 17
1 4
2 18
2 13
2 19
3 11
0 14
20 4
