15

38 14
63
13 7
11 11
26 13
31 13
30 6
18 6
19 2
31 12
21 0
34 12
7 6
36 10
32 10
5 9
24 8
20 3
6 11
7 5
1 1
17 10
30 13
5 2
6 5
19 7
34 1
1 10
25 10
28 11
31 1
35 10
0 13
21 13
20 10
33 12
11 13
20 12
5 1
29 11
13 9
5 4
3 7
27 3
9 12
20 6
15 5
14 1
14 1
19 10
16 11
9 1
12 2
21 11
16 11
2 5
25 6
20 10
36 6
15 13
31 4
15 0
9 7
22 6
13 2
11 1

32 39
9
16 21
1 10
8 0
6 0
16 35
26 35
11 8
6 10
31 25
12 1

38 40
155
25 25
35 34
15 31
31 38
19 17
17 21
27 19
17 12
9 3
7 8
4 27
23 25
21 14
19 8
8 16
17 39
27 37
33 28
3 35
21 23
35 0
18 11
9 25
16 15
19 38
12 19
29 12
2 7
21 39
21 19
37 9
8 21
23 19
15 27
10 25
19 4
29 33
32 13
34 5
20 17
33 8
30 4
15 11
35 30
10 37
14 19
1 4
1 10
7 35
16 39
36 9
4 4
36 21
9 6
15 3
27 30
35 14
28 17
13 16
11 39
16 12
26 1
36 13
21 1
21 7
22 6
22 19
13 23
35 11
13 22
37 5
9 3
2 24
7 22
31 31
0 5
3 14
8 15
19 12
8 12
24 22
30 14
31 16
19 6
26 25
35 28
1 34
9 21
18 4
28 1
37 32
23 37
9 29
20 38
12 12
3 19
4 21
26 20
16 7
23 16
1 8
18 15
19 16
3 29
30 17
3 10
20 33
25 12
29 34
6 4
6 11
20 12
35 20
28 32
3 6
7 32
3 28
17 15
11 11
19 38
4 23
21 30
17 37
4 2
3 1
7 30
1 11
29 23
27 15
4 22
9 18
6 23
21 24
17 3
9 30
4 10
26 19
13 15
12 16
17 38
15 8
25 14
5 8
16 33
7 29
8 7
18 18
23 20
14 24
34 7
36 27
14 2
22 28
23 36
14 1
14 1

41 48
179
0 41
14 35
23 41
13 44
40 24
40 17
11 8
25 16
31 8
28 39
7 35
24 27
40 1
35 0
27 9
24 6
25 43
1 23
30 20
19 34
5 29
6 39
30 37
8 38
32 38
31 41
23 20
11 12
6 9
13 9
35 20
30 45
19 25
6 18
39 33
6 35
14 1
2 14
19 33
39 11
17 5
17 6
8 20
16 11
29 21
31 40
40 39
14 34
21 46
23 5
10 0
14 30
18 1
27 46
15 1
22 40
5 13
17 39
39 23
27 18
5 18
10 35
25 42
31 23
3 5
40 46
40 0
11 17
16 7
9 6
31 15
28 4
31 39
25 14
12 3
29 28
37 36
11 19
26 41
24 23
10 31
19 9
32 9
22 39
13 20
9 2
38 16
6 11
13 22
14 36
11 28
31 41
3 19
36 20
34 2
16 15
1 22
15 5
9 35
6 17
32 8
0 41
38 33
36 34
20 19
30 2
1 6
20 5
40 5
11 29
28 16
27 33
22 6
14 43
35 46
14 36
39 23
4 21
12 10
11 17
0 39
7 5
17 2
11 8
22 14
22 14
0 39
18 26
36 20
32 40
24 5
0 12
3 30
35 26
26 26
29 5
27 9
37 31
20 37
24 27
17 27
3 29
21 28
19 14
31 43
1 47
37 34
27 30
6 22
12 17
22 19
0 16
31 35
14 17
32 41
0 37
13 35
32 34
7 36
8 42
29 34
37 41
39 0
28 15
27 0
25 27
17 5
28 29
3 25
10 46
40 46
7 20
11 18
13 14
29 16
0 1
18 12
31 27
2 35
14 1

19 8
32
9 2
14 1
0 7
15 7
18 5
3 6
2 1
18 1
12 7
17 5
3 7
16 2
18 2
14 1
7 2
8 3
4 2
12 6
17 7
17 0
2 5
8 5
8 3
10 3
5 3
2 0
18 5
7 4
15 3
15 0
16 7
10 0
15 1

9 47
21
0 5
4 7
4 6
3 19
0 32
6 42
0 9
7 40
5 27
1 37
7 12
5 44
1 31
4 1
6 6
8 36
4 15
6 40
2 29
3 7
5 9
10 1

13 23
125
2 3
0 19
4 12
12 4
3 2
6 16
3 0
0 2
3 8
6 12
0 18
8 2
9 12
11 11
12 6
7 11
9 18
11 9
10 20
6 0
5 5
1 5
8 17
5 0
11 7
9 21
1 2
1 16
0 21
11 21
12 13
11 7
0 5
5 22
8 10
9 14
3 17
10 2
6 16
5 14
7 20
6 14
2 20
5 3
4 7
11 5
6 10
6 4
1 5
1 1
8 2
10 17
5 16
6 10
6 14
0 21
0 16
1 22
0 20
6 9
5 8
4 3
9 14
6 10
1 12
0 1
2 11
10 21
7 16
11 12
6 3
8 0
11 22
7 20
7 2
4 7
2 16
0 1
0 16
10 15
3 14
11 10
8 11
1 9
2 8
3 3
5 14
0 22
0 7
0 8
0 14
2 8
7 14
0 13
8 3
7 3
4 18
2 1
9 9
0 13
11 7
4 1
3 8
0 20
12 22
11 17
9 15
7 1
3 22
7 21
5 8
12 3
4 11
11 21
10 14
8 8
8 14
5 0
8 10
1 19
8 18
3 8
11 0
0 1
11 3
14 1

45 40
147
39 8
6 9
28 39
35 30
30 36
0 3
19 0
32 35
29 2
31 6
14 16
9 1
25 25
24 23
20 36
8 26
0 30
1 15
16 23
3 15
36 35
14 11
1 18
29 26
30 10
13 8
19 15
15 14
30 3
14 1
23 12
34 14
12 38
43 37
34 13
18 30
27 15
11 21
13 14
40 12
18 10
20 0
5 0
9 22
4 13
5 21
28 29
2 9
29 18
39 32
20 13
10 18
2 24
2 16
13 19
16 5
14 12
40 7
9 35
41 0
21 24
24 21
13 33
18 23
12 23
10 9
37 9
3 0
23 13
30 16
15 36
12 23
30 3
25 8
15 0
26 35
15 14
25 37
14 16
5 4
38 18
11 10
7 10
26 35
5 32
14 28
8 38
10 25
39 30
10 12
17 9
40 1
14 22
38 10
3 14
34 15
17 34
37 38
21 3
23 34
17 25
42 36
26 36
4 16
29 16
16 30
0 33
17 39
24 9
9 14
42 33
3 38
21 20
0 8
31 16
35 24
30 30
7 19
24 1
32 30
18 8
40 12
24 20
13 1
44 39
3 13
31 20
24 1
21 19
40 5
11 30
34 17
7 5
27 37
32 19
4 19
19 8
20 28
16 29
29 13
25 6
12 38
34 17
23 36
7 0
22 21
3 3
15 1

30 40
70
0 11
25 11
28 32
26 23
0 26
6 25
18 24
25 6
19 10
4 11
5 25
25 20
2 17
21 25
13 5
26 14
21 37
10 16
12 25
26 37
21 21
12 17
28 2
15 14
24 37
1 17
4 33
4 21
21 6
29 31
29 12
21 3
14 39
20 24
8 10
15 18
11 25
20 9
15 21
15 32
7 16
21 6
22 36
10 13
2 1
10 8
29 10
10 18
1 17
6 30
18 6
0 17
27 21
21 35
23 38
8 14
28 15
12 3
11 33
15 29
7 33
9 20
26 31
23 32
23 2
20 7
12 7
15 5
24 35
28 20
9 1

23 18
105
19 10
18 7
1 12
21 5
11 0
21 4
2 9
12 12
20 1
22 3
19 0
1 16
0 1
13 1
10 8
10 11
17 13
10 5
11 0
14 7
12 17
0 13
6 1
3 0
16 4
4 13
13 17
13 12
19 10
9 7
9 16
22 16
20 10
0 11
9 7
1 1
9 15
13 0
1 10
7 3
22 3
18 4
14 2
8 9
3 5
16 3
1 7
14 10
7 8
11 16
12 1
19 0
17 0
6 4
1 15
6 16
9 8
13 17
17 2
2 2
12 6
17 14
20 11
1 8
10 7
5 8
2 7
14 1
22 3
4 3
6 17
2 6
12 15
9 13
17 17
12 4
13 1
6 12
9 13
12 9
13 2
2 12
1 7
7 1
4 6
12 4
4 5
13 7
11 0
14 1
16 5
4 1
11 15
18 0
17 4
19 0
21 7
14 1
19 9
17 0
3 17
20 5
0 2
1 9
13 9
13 1

8 50
11
0 44
4 47
0 40
3 20
5 15
0 13
2 23
3 20
0 34
1 8
0 6
8 1

36 19
138
8 13
35 18
25 2
34 9
35 17
25 17
26 11
2 5
16 11
7 2
13 18
15 11
26 13
18 3
25 6
22 7
29 13
11 17
30 5
34 18
1 17
11 14
33 16
13 3
22 17
9 2
14 2
10 12
3 0
31 16
13 2
21 2
13 9
9 17
7 9
15 17
15 15
12 10
31 17
12 6
33 18
0 6
19 14
25 0
31 10
33 9
31 4
13 11
29 13
5 16
8 7
13 1
6 2
14 17
24 7
16 7
33 3
33 10
27 8
34 3
17 15
18 3
0 16
32 2
21 7
0 4
20 8
31 3
16 4
5 2
23 2
6 14
2 9
5 13
16 9
7 7
34 10
33 8
1 16
4 1
4 8
7 10
6 6
18 3
35 10
33 10
19 10
17 2
23 11
30 7
27 0
31 18
12 6
33 15
20 17
35 11
19 7
18 11
22 0
19 8
11 3
12 2
4 1
2 16
0 6
21 16
33 14
29 14
34 15
16 11
24 13
31 4
5 15
8 11
6 10
12 0
11 3
23 11
0 3
33 7
8 9
15 17
12 13
27 3
30 11
28 0
28 14
13 3
35 15
34 18
4 10
24 15
32 6
15 7
13 11
9 17
32 13
4 4
12 1

43 45
143
1 31
17 5
22 7
23 5
1 16
33 0
24 39
29 17
29 25
41 1
37 19
12 44
18 39
29 2
24 38
26 17
21 42
26 43
29 41
35 6
10 29
4 19
31 11
13 3
38 36
36 2
15 36
10 16
6 26
42 23
15 13
40 9
26 36
3 5
11 19
20 40
36 20
7 19
5 13
37 32
2 3
25 34
16 3
33 28
3 4
41 14
26 25
22 23
42 39
38 25
15 36
9 1
22 28
20 40
32 28
26 2
7 17
42 2
38 23
40 39
31 7
41 18
0 7
25 14
13 25
17 28
3 12
17 38
3 34
11 5
39 33
22 29
14 43
11 6
12 33
21 23
22 32
0 40
32 23
7 36
42 38
2 22
10 33
24 30
35 21
28 15
15 12
18 34
41 8
14 28
33 4
25 39
18 21
7 37
3 33
13 28
42 5
20 9
22 24
26 26
33 32
10 1
29 36
7 20
22 8
8 32
16 30
8 43
25 44
10 37
25 38
1 3
42 1
17 30
9 13
17 8
7 13
9 19
11 10
16 32
8 19
23 23
25 38
21 28
6 19
6 3
25 7
40 12
40 13
40 42
31 41
26 16
11 3
32 25
30 23
42 40
40 38
10 10
38 26
22 31
3 25
15 38
8 35
5 1

47 36
21
21 28
14 25
44 19
14 20
39 18
31 32
45 12
8 3
10 35
45 20
16 13
18 10
10 8
11 21
40 33
20 19
22 3
8 16
20 30
26 35
21 8
7 1

49 39
98
12 22
24 17
29 28
16 4
4 25
33 22
6 22
4 27
43 36
47 22
17 35
12 0
26 30
34 1
32 33
19 21
22 8
44 35
46 10
22 34
14 16
29 12
6 11
48 4
13 28
4 11
2 24
46 38
17 10
15 5
24 0
4 9
2 8
40 17
11 6
1 7
0 25
21 28
22 16
33 36
48 10
15 5
2 6
23 11
36 23
18 6
47 19
35 16
43 28
40 7
25 38
24 36
36 27
24 28
36 27
29 4
25 28
41 15
17 34
28 34
11 2
5 37
1 12
5 17
37 22
28 13
23 28
16 7
16 4
30 13
22 11
7 27
4 8
37 29
2 26
16 15
42 16
48 16
13 38
29 20
19 31
47 36
16 11
5 7
3 14
4 25
27 17
18 17
37 33
21 10
26 24
8 16
39 25
19 20
47 29
16 31
35 10
4 19
11 1
