20

40 3
73
9 1
19 1
8 0
20 1
21 1
11 0
18 2
22 1
8 0
32 0
22 0
22 2
29 1
2 1
34 1
7 0
23 2
18 1
39 0
3 1
6 2
19 0
6 0
32 1
25 0
35 2
13 0
18 2
13 1
12 1
22 1
1 1
4 2
12 0
33 2
32 0
0 1
3 2
6 2
3 0
17 2
22 1
12 2
33 2
37 2
20 0
10 0
15 0
33 2
32 0
15 2
12 2
18 1
5 0
15 2
25 0
7 0
27 1
26 0
22 2
29 2
23 0
4 1
7 0
31 0
11 2
0 0
21 0
14 1
38 1
13 1
15 2
35 1
13 9

25 35
137
19 23
19 28
0 20
22 33
13 4
23 28
5 18
17 22
13 22
11 17
12 23
5 6
12 28
13 32
18 28
23 26
16 11
17 29
20 18
23 20
21 26
16 17
8 16
15 2
1 0
4 6
9 4
22 34
15 17
18 18
4 27
13 20
20 21
14 1
18 29
18 11
17 27
13 11
11 7
22 26
1 2
7 26
4 26
22 23
12 8
5 29
7 6
17 7
1 3
0 3
6 10
11 3
3 25
23 28
10 32
8 29
18 17
16 20
10 7
16 27
21 18
17 13
8 5
21 0
8 5
1 32
2 15
6 29
14 16
21 15
5 33
17 11
16 20
10 3
12 20
10 23
7 29
11 19
17 7
23 6
2 33
0 21
6 2
17 16
17 33
18 27
21 17
21 7
17 33
20 16
5 6
5 32
20 30
22 24
12 14
8 13
15 30
16 33
3 21
8 23
13 23
12 15
10 13
6 29
22 22
23 21
22 28
3 32
14 26
1 7
3 31
22 24
13 4
23 28
8 1
15 7
24 27
21 22
10 6
11 13
19 11
20 15
6 2
17 28
2 22
13 12
10 18
6 30
21 26
6 6
3 27
22 19
11 4
16 23
11 21
6 23
21 30
14 4

2 8
154
0 4
1 5
1 5
1 2
1 0
1 7
0 7
0 7
0 7
1 6
0 0
0 6
0 3
0 5
0 4
1 3
1 1
0 1
0 2
1 2
0 3
1 6
0 7
0 4
1 7
0 2
1 4
1 5
1 2
0 4
1 5
1 0
0 1
0 0
1 3
1 1
0 5
1 2
0 3
0 0
1 2
1 4
0 7
0 3
0 5
0 0
1 0
1 3
1 0
1 2
0 0
0 7
1 6
1 7
1 7
0 7
1 4
0 3
0 7
0 3
1 6
1 4
1 2
1 4
0 4
1 6
0 7
0 1
0 3
1 6
1 5
1 0
0 7
0 7
1 0
0 7
0 4
1 5
1 6
0 4
1 1
0 2
0 3
0 3
0 0
0 5
1 4
1 0
1 5
1 0
1 6
0 6
0 5
1 0
0 5
1 0
0 4
0 5
0 6
1 2
0 2
1 4
0 6
1 3
0 5
0 3
1 6
1 7
1 7
0 2
1 6
1 4
0 7
1 4
0 7
1 3
0 4
0 1
0 7
1 2
0 3
1 3
1 5
1 3
0 5
0 6
0 4
0 4
0 5
0 3
1 3
0 7
0 3
0 1
0 4
0 3
1 5
0 7
0 4
0 2
1 1
0 2
0 6
0 3
0 7
1 7
0 2
1 0
1 4
1 0
1 4
1 2
1 4
0 1
19 8

5 36
91
2 16
0 7
2 2
2 2
1 18
3 13
3 18
0 23
0 26
1 28
0 23
4 8
3 25
2 34
1 22
2 0
2 11
4 29
3 29
1 17
1 17
1 18
3 9
3 32
1 24
3 26
0 32
3 6
4 4
2 29
1 27
2 19
0 14
0 22
1 15
3 33
4 4
1 33
3 9
1 14
1 26
0 0
0 33
2 32
4 14
2 22
4 34
1 35
1 1
2 18
0 20
3 28
4 17
1 4
2 8
1 27
3 20
0 10
3 13
2 11
4 19
2 29
4 1
0 20
3 3
4 20
4 3
1 7
1 7
2 8
4 24
4 34
0 31
2 31
2 1
3 19
0 9
3 3
3 10
3 9
3 13
3 11
2 12
4 35
2 6
3 20
2 18
0 17
1 13
0 21
0 2
7 1

23 19
144
12 16
18 2
17 13
21 11
3 11
22 14
16 8
9 6
7 8
4 4
21 5
17 18
19 14
1 8
22 2
0 14
0 16
4 14
9 8
1 11
22 7
16 10
1 9
21 0
15 16
19 2
9 9
6 17
19 12
16 8
6 14
12 5
19 7
6 3
10 6
3 12
8 2
16 17
12 0
8 2
1 12
17 17
18 11
7 14
11 17
15 11
17 3
9 5
16 5
5 9
18 16
20 16
14 6
17 11
5 10
6 1
15 17
3 0
16 12
3 9
19 17
7 14
4 2
6 0
17 14
1 14
15 1
1 13
5 3
2 11
1 2
3 5
6 5
5 12
0 8
6 10
13 2
11 0
4 4
15 13
1 8
3 9
16 7
22 14
16 2
7 13
0 12
8 17
4 8
3 13
9 9
17 13
0 6
13 4
0 1
11 8
5 8
22 1
6 10
16 4
9 1
11 4
18 0
12 4
13 14
19 14
13 0
16 15
20 6
14 15
1 15
22 11
10 13
9 3
1 16
6 10
21 1
13 18
19 0
5 10
22 6
11 10
4 11
7 8
3 10
6 16
6 12
2 4
8 11
22 18
19 14
3 2
8 5
3 11
5 11
12 7
3 4
14 2
6 7
2 15
0 4
21 13
19 0
17 1
16 11

28 6
97
12 5
10 1
2 1
20 1
17 2
27 5
24 1
2 1
15 5
23 2
19 3
3 1
13 3
4 0
23 0
7 2
2 4
9 0
11 3
7 4
11 4
20 5
23 3
10 2
19 0
25 3
17 2
20 1
14 0
12 0
25 4
21 0
25 5
22 1
19 1
23 3
1 1
7 1
22 3
19 2
0 4
10 2
8 5
17 0
26 2
8 4
22 1
15 3
19 5
18 0
9 2
14 4
17 5
12 0
22 3
0 4
6 4
15 3
6 5
0 2
26 1
0 4
18 5
8 1
20 5
12 1
12 4
22 5
22 1
25 3
17 3
8 5
1 5
25 5
20 3
21 4
9 1
3 5
24 2
24 2
15 5
8 1
15 0
24 1
16 4
16 3
16 1
21 1
19 5
18 0
5 5
8 4
24 5
13 1
14 1
0 5
9 0
16 11

48 47
11
15 21
19 33
37 25
5 44
14 45
9 10
20 4
41 27
10 2
19 42
14 35
4 2

46 25
28
23 0
1 16
29 19
30 8
37 6
2 12
18 13
10 17
20 13
44 15
28 14
0 23
39 5
38 1
9 10
9 21
25 2
45 8
36 4
33 0
12 11
40 7
20 3
36 24
28 22
27 3
3 7
33 11
10 4

12 39
130
9 24
7 12
7 24
3 32
9 17
7 34
5 26
2 10
11 26
11 1
7 26
11 1
5 17
1 36
10 32
3 24
9 38
4 25
8 27
0 25
5 28
7 29
8 0
7 5
4 10
7 25
11 20
3 7
1 14
5 32
10 26
1 5
5 8
1 5
10 6
5 22
10 2
4 18
6 23
4 2
2 27
4 2
8 5
2 7
11 26
2 3
8 28
8 12
4 26
9 26
2 33
3 9
8 0
6 18
4 26
4 18
11 1
5 29
1 20
2 9
5 21
5 32
9 38
6 38
6 3
1 14
3 19
6 35
2 4
2 27
11 33
7 15
11 0
4 17
1 4
0 1
2 32
0 31
7 33
0 6
5 33
0 22
11 30
8 34
6 34
6 21
8 0
3 26
6 31
10 35
6 27
10 27
0 21
8 30
6 30
11 4
6 22
3 7
5 31
10 14
2 2
4 35
11 20
5 20
7 12
0 34
7 14
5 16
3 34
1 16
4 37
1 20
4 29
10 13
5 28
11 11
11 15
9 26
4 30
7 15
11 17
10 10
0 31
5 31
4 16
3 7
3 23
2 32
9 31
2 4
16 11

31 36
63
6 32
7 25
27 35
29 21
23 29
20 33
27 24
26 1
19 26
23 9
5 29
0 30
11 19
21 29
28 35
5 6
19 25
18 6
17 0
12 22
9 14
27 0
11 31
4 10
12 14
11 20
1 29
12 8
24 10
20 19
7 31
15 9
26 34
9 5
15 32
2 31
25 28
6 25
0 35
2 24
2 20
23 35
10 0
30 21
24 30
19 2
22 12
26 10
22 1
29 11
24 12
5 20
3 32
8 8
26 29
15 16
21 31
1 22
30 35
24 23
18 22
1 20
13 4
17 12

30 26
161
25 13
8 23
3 17
4 21
16 17
24 17
28 10
3 4
19 1
5 10
25 4
6 5
15 21
24 1
12 5
14 18
0 0
15 17
14 11
9 4
25 21
28 8
25 0
14 4
18 13
8 5
5 15
1 20
6 25
21 22
4 9
17 7
26 18
22 17
13 4
18 7
25 9
8 24
1 5
0 4
20 22
23 7
7 0
3 3
13 10
20 10
16 0
28 3
13 25
23 20
13 15
6 0
4 3
6 12
20 12
8 9
12 10
27 25
16 12
24 9
13 19
6 18
0 15
17 18
25 16
0 13
13 4
22 12
21 13
17 5
11 18
13 3
18 11
20 13
29 7
15 8
3 5
3 7
13 17
0 1
25 24
4 7
1 23
9 22
22 0
13 21
17 21
6 19
16 0
6 24
22 11
24 25
14 19
24 20
12 11
27 2
20 22
4 2
1 13
13 5
25 12
14 21
17 20
18 1
5 17
14 9
11 12
11 22
15 21
20 5
15 10
11 23
3 14
19 4
0 21
22 21
6 7
17 1
7 16
11 12
1 14
28 6
1 10
0 1
26 8
23 20
0 23
5 9
18 1
4 6
11 9
9 16
12 21
16 17
11 4
2 10
0 22
29 6
4 25
26 6
13 18
19 19
22 11
7 2
29 6
28 14
11 5
20 21
2 11
5 2
10 10
11 14
14 7
25 0
28 3
29 0
13 10
22 0
3 23
20 16
1 4
3 3

37 10
9
0 0
12 6
25 5
24 2
30 7
36 6
15 9
36 9
16 3
10 5

4 31
12
2 24
3 10
2 7
0 8
2 7
3 28
3 30
2 23
3 8
2 17
3 30
3 14
3 3

49 29
57
16 10
26 25
13 13
29 1
37 12
3 25
24 22
15 10
40 21
14 20
25 21
29 24
23 19
41 19
10 8
47 4
27 28
36 0
29 9
4 23
15 13
43 12
25 15
7 14
16 21
27 3
3 25
2 22
2 16
11 7
46 9
8 5
32 22
12 19
13 9
18 22
38 23
35 0
29 19
32 13
20 10
17 16
11 4
12 13
7 27
8 18
48 17
19 17
27 1
18 10
6 0
0 1
43 8
35 19
43 6
40 0
9 27
4 4

3 15
182
0 2
0 11
2 5
0 9
2 9
2 14
2 0
0 3
1 0
0 11
2 13
0 0
0 0
2 10
0 9
2 7
0 13
0 13
1 6
0 8
0 14
0 5
2 10
1 13
0 11
1 5
0 0
0 13
0 7
0 6
0 10
1 13
2 10
2 10
1 14
1 5
0 4
1 0
2 14
2 12
0 3
2 11
2 10
1 1
1 14
1 11
2 2
1 1
2 7
0 7
2 1
0 0
0 13
2 12
0 1
1 1
2 14
1 7
1 8
2 13
0 14
1 14
2 7
1 7
2 5
2 7
2 11
2 4
1 11
1 13
2 4
1 12
1 2
0 8
1 12
0 6
0 1
0 13
0 9
2 1
2 14
0 3
1 2
1 1
1 5
0 11
0 13
1 6
1 9
1 14
2 0
0 13
0 6
0 5
0 10
2 3
1 10
0 2
0 10
0 9
0 13
1 9
1 5
1 4
2 9
0 4
0 0
0 1
0 6
1 5
2 11
0 2
2 12
0 2
0 13
2 2
0 13
1 0
2 8
1 10
2 6
0 3
1 2
2 14
0 12
1 1
0 12
2 9
1 12
0 12
2 2
2 2
1 13
2 8
1 10
0 6
2 9
0 6
1 12
1 4
0 8
2 7
0 0
2 9
0 2
0 7
0 9
1 14
0 4
2 12
1 13
1 9
2 3
2 1
2 13
2 1
2 9
0 13
1 6
2 6
0 0
2 11
2 12
2 9
0 14
0 2
1 7
1 2
0 6
1 4
0 1
2 13
2 11
0 0
1 4
2 6
0 13
0 5
2 1
1 5
2 2
0 10
6 4

37 49
137
1 26
6 43
29 20
8 29
25 34
36 0
24 22
36 28
16 28
8 12
11 25
19 11
36 44
16 3
5 47
35 36
35 25
29 25
27 5
22 45
10 33
0 18
8 2
30 45
26 48
17 5
7 46
29 38
22 38
15 27
29 42
29 18
9 20
33 8
26 18
30 38
21 32
34 4
2 26
33 41
25 41
5 28
19 45
18 6
8 0
30 22
4 4
9 12
25 35
0 40
13 14
28 43
5 28
7 37
10 21
35 25
23 18
33 6
28 35
12 39
33 33
23 31
16 23
22 9
23 11
30 33
21 40
25 9
23 3
2 29
4 20
26 12
20 42
34 32
28 30
13 16
33 24
18 23
16 12
15 28
2 41
34 40
32 16
32 32
28 29
1 22
5 11
11 32
25 11
13 34
2 5
34 29
5 28
25 15
1 33
17 2
31 45
22 7
1 26
9 13
13 1
19 48
32 38
27 47
25 39
24 45
1 17
14 28
34 33
19 21
18 34
0 29
11 28
34 18
6 27
20 19
25 14
31 2
16 29
31 32
20 21
16 0
21 46
16 6
35 22
32 1
32 4
7 31
2 22
9 27
34 7
23 13
6 23
15 25
26 24
12 14
7 37
8 5

45 42
71
15 21
7 41
27 24
29 37
31 0
25 31
29 35
22 35
38 4
43 4
7 19
18 5
30 5
35 25
16 24
24 36
34 1
24 24
22 16
34 21
41 29
26 12
20 6
39 39
35 41
1 0
37 39
28 1
6 12
30 4
43 41
30 31
10 33
36 5
30 22
8 15
9 35
11 28
31 31
37 6
34 26
25 16
42 29
5 20
9 15
38 21
17 32
24 19
30 38
10 19
42 2
3 4
19 3
43 37
19 10
22 14
2 41
1 36
7 19
10 31
18 1
11 3
7 32
11 39
17 23
24 23
3 22
8 17
36 4
37 33
32 29
5 4

14 44
148
10 17
8 28
2 18
11 42
0 25
0 35
13 15
7 0
8 26
12 25
13 35
13 36
0 21
0 13
2 19
2 14
13 40
5 17
11 16
11 39
12 8
2 29
3 41
12 15
4 19
8 9
10 41
8 7
0 26
2 9
2 12
2 24
10 37
1 16
5 25
3 0
5 26
13 16
8 37
13 14
8 5
1 2
6 6
6 3
8 17
2 39
3 34
1 11
13 40
10 42
3 7
4 23
7 21
3 25
3 13
10 8
3 0
6 15
1 7
12 28
5 8
11 12
9 41
2 25
7 14
7 41
11 19
5 22
8 35
10 12
7 15
0 25
12 42
13 9
4 16
4 3
10 9
2 9
10 38
7 21
3 42
3 27
13 2
9 26
12 14
10 9
11 30
9 34
10 1
11 11
3 28
7 4
13 34
5 23
2 0
8 25
4 40
0 12
3 31
8 12
3 21
6 25
8 21
0 39
9 32
0 35
1 29
13 28
10 26
6 15
10 34
12 43
0 4
7 32
9 43
11 41
5 11
12 5
2 22
7 28
5 7
6 42
1 19
3 33
6 23
1 33
11 10
10 30
0 11
2 16
2 18
5 25
12 20
0 7
12 31
2 6
3 31
4 16
2 40
11 38
5 12
10 22
0 12
4 40
11 6
6 9
4 39
6 27
14 6

3 13
83
2 1
2 10
2 8
2 2
0 7
0 9
2 5
0 5
2 3
0 0
2 12
0 10
0 4
2 12
1 11
2 7
2 8
2 1
0 6
0 10
0 4
0 0
1 0
2 6
1 12
1 2
2 2
1 0
0 1
2 3
2 2
2 3
0 7
1 10
2 10
0 7
2 0
2 8
1 9
2 2
2 9
2 9
2 12
0 1
0 4
2 5
0 4
1 4
0 9
2 0
2 12
1 5
1 1
2 10
2 8
1 1
1 9
2 2
0 0
0 6
2 9
1 3
1 9
2 5
0 6
1 10
0 3
0 10
0 1
1 8
0 12
1 2
0 5
1 3
1 7
1 0
0 8
0 4
0 6
1 3
1 0
1 5
0 1
10 10

32 12
73
21 2
26 3
7 10
5 3
8 8
10 8
28 8
6 4
29 10
6 10
24 0
8 4
20 9
26 11
19 9
17 1
9 9
6 11
7 4
30 9
6 6
2 0
28 3
9 2
10 1
29 3
5 7
20 9
9 1
10 5
12 11
9 4
23 1
9 10
18 5
23 6
23 8
26 1
5 6
7 1
9 6
23 1
11 10
22 0
31 11
15 5
18 2
13 0
7 0
18 6
11 11
21 6
31 5
25 1
3 8
0 9
25 0
2 4
22 6
3 5
14 11
11 8
23 10
13 0
8 8
0 5
19 8
24 4
23 5
11 11
6 8
24 11
3 11
17 10
