11

20 20
50
5 16
18 8
9 2
19 18
8 19
2 11
13 19
11 2
7 10
9 7
19 15
9 7
7 16
10 19
8 7
19 4
5 9
6 19
12 2
13 2
0 16
11 11
14 16
12 2
13 15
4 6
6 14
19 19
11 10
2 16
17 19
6 4
6 14
9 7
1 18
19 16
17 15
12 16
7 14
1 13
2 17
2 4
12 18
12 16
10 18
14 12
7 19
10 13
12 19
4 12
20 1

20 20
50
12 14
0 15
2 1
15 7
7 0
12 11
9 4
17 7
2 16
6 5
16 17
17 15
14 11
18 18
1 11
1 17
2 14
1 7
8 0
16 19
3 0
0 3
7 6
0 6
8 4
6 4
19 17
8 6
11 13
5 12
19 19
16 7
0 9
17 13
5 8
2 14
10 3
19 19
18 16
12 3
6 18
11 2
7 1
9 0
19 10
15 13
7 9
5 3
3 1
19 13
20 1

20 20
50
1 10
6 14
16 1
12 3
10 13
6 0
10 18
12 16
3 4
13 15
18 9
13 9
9 1
12 8
19 4
14 1
8 3
4 0
7 10
17 13
14 11
8 18
2 15
19 15
15 1
16 3
13 8
15 7
2 7
10 15
11 1
1 19
9 6
2 18
1 16
12 0
13 15
9 15
13 5
16 10
9 14
12 7
14 1
15 15
16 5
17 0
7 10
17 19
12 8
19 9
20 1

20 20
50
4 4
8 0
11 19
1 14
6 7
17 4
1 11
17 3
10 13
19 13
19 2
11 0
1 14
10 10
16 16
4 2
13 2
2 5
10 13
13 15
3 0
13 0
3 5
8 9
17 2
0 7
1 1
14 1
11 15
12 9
2 7
13 17
3 10
2 2
8 8
17 7
3 1
12 16
8 0
0 16
8 16
13 10
10 13
18 19
3 17
0 19
18 5
16 5
3 19
11 12
20 1

20 20
50
6 15
1 14
16 6
0 19
4 3
2 6
10 10
9 9
8 11
17 19
7 7
0 11
19 7
17 3
6 12
1 5
0 3
17 18
10 16
12 18
8 17
12 12
16 11
3 16
18 1
5 12
12 10
19 7
0 9
17 5
19 10
9 6
15 2
8 10
17 17
19 3
7 5
9 10
2 6
3 17
7 16
17 0
2 18
18 16
6 2
6 4
6 4
14 18
4 14
7 7
20 1

20 20
50
9 6
15 12
11 14
1 5
4 18
0 3
1 0
15 0
10 17
17 8
15 5
8 15
2 9
11 0
17 7
8 12
15 6
8 13
17 4
2 16
4 1
12 4
6 14
8 4
4 7
13 18
0 14
12 6
11 8
17 1
9 14
3 4
7 1
1 7
11 8
11 9
3 10
5 10
6 11
14 13
6 12
16 10
19 9
0 14
6 17
10 5
16 19
18 2
5 2
10 0
20 1

20 20
50
8 8
2 14
11 19
4 16
16 8
19 0
8 0
5 10
10 2
12 0
19 19
8 19
19 5
3 7
15 12
16 12
18 5
8 8
8 10
4 13
9 11
10 3
8 19
1 2
12 4
3 1
13 14
19 6
2 9
13 0
3 19
17 3
2 7
4 1
14 16
13 5
2 4
0 14
9 1
0 12
2 18
15 12
19 8
11 0
11 1
13 10
4 15
4 9
3 4
4 12
20 1

20 20
50
11 0
10 4
12 15
12 19
7 16
0 11
15 19
11 7
16 13
5 12
3 10
9 3
7 15
4 1
9 12
7 19
5 9
3 2
7 19
11 5
3 5
16 9
10 15
11 17
4 4
4 19
11 11
16 0
7 9
10 7
6 18
11 9
1 2
14 16
1 17
7 1
14 0
0 12
11 15
16 13
11 10
13 13
7 2
10 15
11 14
12 6
1 5
4 19
10 15
3 10
20 1

20 20
50
8 2
9 0
2 10
9 2
14 7
18 16
15 19
12 2
15 2
19 5
12 8
13 15
5 18
7 15
0 19
12 5
7 15
19 10
14 8
11 5
16 8
11 14
1 4
15 10
2 14
3 19
7 16
17 15
13 14
3 3
9 15
10 17
11 17
17 4
17 13
5 2
6 15
11 1
15 10
9 8
3 0
2 15
4 16
12 13
8 17
3 15
5 1
14 16
0 15
7 4
20 1

20 20
50
10 1
16 5
7 8
19 1
10 19
1 7
6 8
0 16
3 12
3 7
18 2
4 14
14 19
0 11
16 5
12 15
12 18
6 1
19 8
9 18
9 3
10 13
2 18
6 6
0 13
13 7
10 14
12 8
5 8
12 0
10 10
3 7
18 5
17 15
10 9
3 10
2 13
2 11
17 1
7 12
17 13
3 10
11 7
2 7
8 5
12 9
8 11
12 15
2 18
16 7
20 1

20 20
50
9 8
6 11
1 12
16 13
19 13
0 2
12 0
0 4
17 12
16 4
14 9
9 6
4 11
10 9
3 0
6 2
6 5
13 14
3 12
4 15
0 8
14 11
1 8
12 0
1 6
14 4
1 8
2 14
0 2
6 7
15 17
16 18
15 8
15 2
14 10
6 6
5 16
12 1
0 18
1 2
17 8
17 17
18 12
4 15
5 19
18 13
3 16
10 7
5 19
15 0
20 1
