10

21 27
52
20 17
8 9
4 24
10 10
6 19
9 14
5 26
12 17
6 24
15 3
14 16
11 19
12 7
3 17
15 0
1 22
7 24
4 15
2 23
1 18
20 12
18 17
6 13
11 19
6 8
10 25
11 25
20 1
20 6
17 9
6 13
1 5
18 7
4 14
18 0
9 0
2 2
19 24
2 5
8 18
13 23
16 7
10 16
11 26
5 5
15 13
10 15
20 17
18 16
15 22
1 8
19 21
22 3

34 27
188
18 15
24 18
12 26
11 12
10 19
11 16
13 3
31 7
28 4
32 11
22 16
17 4
31 19
13 5
20 12
13 3
8 15
14 2
33 20
27 0
22 12
15 12
4 16
5 9
1 10
12 14
33 21
15 6
1 14
17 24
29 1
14 20
26 13
22 3
30 7
27 8
23 19
21 8
4 14
17 22
16 20
31 9
28 1
22 10
20 6
2 15
10 11
33 13
26 12
7 2
4 23
6 17
3 11
28 14
6 1
15 10
22 3
17 22
20 19
14 15
3 18
24 12
7 18
17 0
27 6
0 15
6 6
6 20
16 24
13 25
15 14
25 14
11 15
29 0
17 22
13 0
26 7
10 14
33 15
26 3
0 13
13 2
11 14
1 17
25 15
3 12
21 12
20 1
12 3
23 7
0 22
8 19
25 23
4 17
20 16
7 25
28 1
10 19
24 26
10 5
21 3
18 11
29 22
23 9
26 0
8 21
8 14
17 18
9 26
4 16
4 26
32 5
5 25
3 3
8 1
16 11
32 2
13 1
2 1
24 20
18 7
13 16
31 22
30 3
16 3
2 9
16 6
3 16
28 0
31 25
9 22
10 2
4 8
17 1
5 21
2 19
10 8
14 22
10 0
21 21
22 3
31 18
22 3
11 23
32 13
10 18
0 8
14 17
13 12
29 6
4 16
0 0
14 2
14 19
22 11
8 3
1 4
30 14
33 21
32 8
23 20
18 16
10 5
27 7
22 0
31 12
0 16
26 3
7 6
23 17
17 12
16 3
3 26
0 21
4 8
5 25
23 15
24 24
2 19
16 10
2 7
5 1
33 24
15 0
33 17
33 23
9 6
19 26
13 1

9 30
106
3 20
6 22
4 20
8 15
3 4
5 11
8 8
5 21
3 4
3 1
6 23
1 18
0 3
7 26
7 0
1 11
1 25
0 7
4 1
2 12
6 8
6 4
0 9
1 29
7 16
2 7
2 1
8 9
1 18
8 25
8 10
0 1
0 27
7 29
5 10
0 4
2 6
1 4
2 14
4 11
7 16
3 18
1 9
4 4
5 15
3 11
4 12
4 8
4 11
7 2
4 1
6 27
8 23
5 23
4 7
8 19
3 23
5 2
6 10
2 18
8 29
1 12
3 6
2 11
0 27
1 1
8 8
3 6
8 18
5 20
3 12
7 29
3 21
3 4
0 3
4 27
4 22
6 17
4 1
1 18
8 8
0 19
0 5
8 16
5 29
5 0
5 2
4 0
1 9
6 21
6 6
4 29
3 10
2 3
3 27
0 23
4 25
4 12
8 1
0 3
1 19
3 5
2 14
4 11
1 27
4 21
13 4

1 6
1
0 2
4 5

1 31
2
0 26
0 13
18 4

13 1
1
6 0
1 5

25 13
185
20 2
4 6
10 4
8 7
12 6
11 1
21 11
6 9
15 0
12 3
14 3
2 4
12 1
18 8
19 12
24 10
19 2
9 11
1 2
13 9
19 2
2 11
18 5
17 12
10 0
9 8
18 8
18 1
19 5
17 1
8 7
16 5
7 10
0 4
18 0
21 9
21 6
4 9
2 1
17 3
24 0
19 8
24 0
8 12
24 3
20 8
14 6
18 2
6 12
8 3
16 2
3 1
16 3
22 11
7 6
19 6
3 6
19 2
10 7
8 10
16 6
4 0
17 10
21 11
8 9
5 11
9 9
19 5
7 6
14 1
22 2
2 12
3 9
9 10
10 9
20 2
20 11
16 11
0 7
23 6
21 5
1 3
5 9
6 0
0 8
14 1
23 5
23 9
15 7
9 9
5 2
20 7
13 3
1 8
12 9
18 11
24 10
18 7
11 11
14 3
8 5
6 3
19 8
24 7
21 10
8 6
12 9
10 11
2 9
0 1
17 4
14 6
10 7
4 7
24 7
14 6
1 5
10 5
6 4
7 3
12 6
6 12
17 1
4 0
22 1
12 3
8 5
8 10
12 4
18 1
2 9
23 10
0 7
24 2
15 9
16 4
12 3
24 7
14 2
3 4
4 6
0 10
24 4
9 7
13 6
6 9
13 12
18 7
16 4
18 0
2 3
24 11
16 3
2 12
7 6
6 3
5 6
6 8
17 11
4 6
3 3
8 4
8 11
21 8
24 12
23 9
24 4
3 8
3 0
17 1
21 4
0 6
16 8
18 12
20 9
20 10
9 4
16 4
13 5
5 8
20 7
16 9
18 7
6 0
4 11
19 2

8 4
22
7 1
1 1
2 3
2 2
5 0
3 2
0 3
1 3
3 0
4 2
1 3
0 3
7 1
3 1
2 3
6 0
0 3
2 2
5 3
4 0
1 0
0 1
13 2

8 32
50
1 22
1 4
7 20
5 30
0 31
2 24
3 8
2 5
1 23
5 29
4 26
7 18
4 6
3 4
1 12
0 11
0 23
6 22
3 16
0 14
2 19
1 20
2 12
6 25
1 24
0 27
5 8
3 25
5 6
2 2
3 8
7 1
0 1
5 19
0 11
1 28
0 12
1 15
5 15
7 28
4 4
1 9
2 2
7 21
5 4
0 3
4 21
4 1
7 7
7 29
20 1

24 16
66
15 0
20 9
11 7
7 5
16 5
13 5
6 8
23 6
2 3
21 13
8 9
11 15
14 8
6 4
5 5
21 15
20 15
23 14
8 5
4 7
4 6
11 12
22 0
16 13
19 3
3 11
14 1
16 11
9 8
12 9
20 1
20 7
8 3
4 8
14 10
2 9
5 5
1 12
11 2
0 7
7 1
23 7
3 0
18 12
21 11
3 15
11 15
10 6
21 12
23 6
10 1
9 15
10 2
15 0
5 14
6 13
11 11
4 14
3 14
6 15
2 7
1 1
8 3
4 14
12 9
19 12
4 1
