10

34 14
3
33 8
4 13
26 2
12 9

78 66
33
31 19
62 38
35 56
41 46
75 19
38 60
39 31
15 27
35 13
58 19
18 19
68 65
69 18
65 47
59 17
72 46
34 6
18 43
25 22
63 64
77 47
69 50
0 36
70 27
11 20
59 59
1 53
3 47
59 48
34 9
27 50
31 31
63 6
48 45

53 94
187
43 81
23 21
13 64
13 41
42 16
8 61
14 51
39 26
51 80
44 1
25 79
22 47
49 13
1 90
6 29
11 24
32 92
25 78
5 35
20 56
12 75
20 66
32 51
4 34
7 6
6 57
26 61
1 50
3 77
0 11
47 61
37 55
25 64
10 12
6 22
36 56
16 49
45 61
41 28
4 2
23 89
18 9
49 2
30 36
32 12
40 24
21 40
12 91
13 76
35 42
31 10
17 33
1 34
0 92
37 79
28 54
26 18
35 37
13 55
1 58
2 79
31 4
45 25
49 89
44 64
35 63
28 42
6 92
40 54
30 2
42 23
10 46
52 78
17 88
17 22
17 38
38 66
21 85
17 28
46 56
6 50
9 31
39 79
43 33
0 52
30 10
5 50
16 49
45 73
7 31
9 27
7 8
51 69
36 48
4 38
2 54
16 61
24 19
5 47
9 17
46 45
38 13
6 17
14 87
13 38
39 23
25 25
27 23
12 83
39 57
19 14
37 22
32 9
17 80
3 51
33 87
45 84
6 56
51 70
29 29
20 32
12 38
20 15
48 85
29 66
27 59
1 91
9 46
31 13
8 88
11 89
42 25
38 21
34 44
47 90
26 63
4 83
39 18
35 28
14 61
47 15
38 64
11 66
40 45
33 8
3 7
15 80
27 14
40 73
15 56
50 89
27 55
5 85
16 14
5 41
52 71
30 34
6 2
11 85
9 43
20 45
15 28
36 42
46 90
29 58
15 74
49 10
17 37
46 67
20 73
43 59
30 30
36 50
40 84
8 37
50 92
41 43
21 4
33 26
6 64
1 79
46 69
22 37
9 23
44 22
47 78
28 10
52 16

30 39
183
26 17
28 14
14 25
21 30
8 16
20 34
14 2
2 12
1 8
14 0
0 2
0 35
12 15
20 16
25 28
13 10
20 32
25 26
4 1
15 16
24 2
2 24
21 29
13 5
20 36
24 21
16 6
27 29
10 15
13 27
0 21
20 29
0 0
8 11
23 12
9 36
21 28
19 25
0 24
10 6
13 13
25 38
20 7
11 8
23 13
29 5
22 11
5 26
26 29
11 29
0 4
29 33
9 25
18 0
4 28
14 10
3 24
9 11
23 16
8 31
8 32
10 13
10 10
6 4
21 16
10 30
23 10
5 2
4 12
3 24
13 26
10 4
18 33
2 20
25 2
28 0
2 0
25 0
7 2
11 0
3 28
4 27
6 22
12 13
16 10
11 36
25 22
8 15
25 23
17 15
5 37
15 22
7 17
19 37
26 16
28 27
27 6
10 22
26 23
6 24
22 12
12 9
23 12
24 1
23 9
23 11
11 32
27 34
3 6
9 20
23 8
12 6
24 2
17 5
29 30
2 9
25 12
1 0
28 31
28 37
21 7
4 38
14 4
4 29
2 5
8 11
5 35
9 17
5 23
19 25
11 13
17 7
29 31
16 27
14 37
10 3
12 24
21 23
8 14
13 28
2 12
28 10
12 34
7 36
25 0
5 11
2 34
27 16
11 15
20 0
5 19
15 35
29 34
14 22
25 33
10 34
11 18
26 5
8 22
24 10
6 2
24 14
21 1
10 24
28 24
21 7
23 16
12 26
5 23
22 37
16 27
11 3
25 27
12 10
17 27
20 11
5 3
2 26
29 7
21 37
26 13
14 3
3 8
73 21

66 10
174
1 6
58 8
1 4
64 8
40 6
36 5
43 7
57 1
30 5
23 7
50 9
61 4
46 0
5 3
47 2
64 8
16 2
62 1
5 8
7 1
20 2
8 9
39 0
8 8
3 5
37 9
1 9
51 7
21 6
14 6
65 0
46 1
65 2
27 2
32 6
45 6
10 3
45 0
49 5
52 9
15 5
38 8
52 4
63 5
12 0
3 5
20 9
23 3
21 4
19 3
16 0
33 1
48 6
9 9
64 3
18 7
14 9
27 5
11 2
2 9
32 6
31 5
53 4
4 9
34 8
56 0
20 6
7 6
34 6
34 0
7 6
41 2
37 6
19 2
25 9
2 5
25 9
44 5
19 1
18 3
5 0
33 1
30 7
26 3
55 6
27 7
42 3
17 2
5 8
60 0
53 0
22 7
27 8
24 6
45 8
29 2
46 5
8 7
36 6
6 9
26 3
20 0
34 7
12 8
3 3
2 5
65 6
2 7
21 6
3 8
64 5
49 6
28 1
51 4
21 5
19 3
21 2
47 9
5 8
29 9
65 8
62 6
54 0
23 5
22 1
6 4
58 9
62 0
42 6
14 1
35 9
44 2
1 9
46 5
15 1
12 2
37 2
9 0
6 6
31 0
57 1
46 7
24 6
1 4
20 3
63 6
43 1
44 0
61 4
47 2
30 3
23 9
1 8
23 7
60 5
33 6
24 5
33 3
54 5
47 8
46 5
62 5
14 9
64 1
61 3
18 1
39 3
23 4
3 0
46 7
33 3
47 6
23 1
37 5
67 59

66 47
176
12 18
6 17
46 15
46 43
31 11
62 34
25 35
5 41
13 1
37 8
50 8
45 23
64 10
45 4
4 42
8 44
52 41
65 44
25 10
53 42
45 14
61 31
15 4
8 34
2 15
48 31
6 4
48 21
12 43
18 15
31 4
30 9
36 10
47 34
5 5
51 21
17 16
51 0
43 16
58 25
36 13
28 12
64 44
42 11
35 37
27 16
17 44
16 19
17 37
47 7
31 19
3 40
9 40
12 9
43 32
30 40
40 3
51 16
0 43
50 24
21 32
32 33
63 45
22 16
43 17
33 30
34 31
54 5
22 42
27 33
0 7
10 4
45 36
11 15
22 26
13 45
1 12
12 46
24 42
11 45
36 44
7 29
13 9
43 11
55 27
31 36
58 29
26 24
35 40
15 9
27 38
30 37
3 43
24 40
7 10
25 31
13 4
43 19
24 26
58 23
18 7
65 46
64 32
44 12
59 1
21 25
17 33
48 21
26 9
44 1
38 32
6 31
33 24
10 28
65 13
3 14
24 43
22 14
24 43
52 7
57 6
35 15
57 26
24 2
20 30
48 13
3 14
42 9
33 28
27 20
50 21
45 20
28 27
27 24
65 40
2 46
19 22
62 45
53 30
25 43
20 8
65 7
57 33
59 13
25 32
54 14
45 46
17 28
33 0
58 29
56 43
21 46
31 1
17 25
32 23
23 23
47 10
7 32
62 4
60 16
17 10
28 1
11 22
2 36
19 41
9 42
52 32
14 34
41 17
32 23
5 34
60 3
8 35
20 20
64 12
23 8
20 12

35 79
65
13 26
25 32
19 27
14 23
22 59
28 62
10 50
22 20
19 12
24 52
3 74
7 27
32 51
8 25
28 66
34 62
27 6
21 4
23 0
10 58
24 28
8 51
7 2
0 71
24 24
32 0
26 64
23 17
3 60
16 44
7 5
15 36
30 18
0 19
26 69
17 53
25 15
27 21
11 72
0 6
18 8
4 12
25 63
23 59
2 46
3 66
9 1
33 37
32 40
11 67
32 30
16 52
32 17
8 37
2 61
20 57
30 78
7 38
29 48
26 2
0 71
7 42
25 43
26 17
27 61
59 48

4 48
124
3 47
1 46
1 26
3 28
2 5
0 0
3 22
1 12
0 7
2 30
0 36
3 11
3 16
2 46
3 5
1 23
0 6
1 34
0 9
2 23
2 14
3 17
0 36
1 16
3 43
3 47
3 30
3 22
2 25
0 14
2 13
1 18
3 26
0 20
3 18
3 1
1 2
3 5
2 0
2 18
0 37
1 43
3 12
2 2
1 22
0 3
0 21
2 39
3 42
3 19
1 38
0 30
0 39
3 15
0 41
1 20
2 34
3 2
3 17
0 4
0 4
0 12
1 14
3 40
0 47
3 5
1 0
3 14
3 7
1 31
0 30
3 15
0 3
1 15
0 37
0 44
1 28
0 34
2 44
2 34
3 22
0 16
2 43
2 45
2 11
1 3
1 16
2 26
3 3
1 24
0 13
0 1
1 45
3 19
1 29
2 20
3 14
0 41
1 19
3 12
2 4
3 40
0 33
2 24
0 43
0 44
1 20
1 18
1 32
2 42
1 12
2 33
2 3
2 19
2 33
3 36
1 46
0 10
3 30
2 19
2 34
3 3
2 12
1 24
7 7

99 19
120
82 10
13 13
27 0
4 18
3 11
10 12
14 0
66 15
79 15
5 17
45 6
83 5
82 10
90 18
30 6
18 9
36 10
45 1
98 15
21 9
14 10
6 10
75 15
46 14
66 17
77 13
88 17
31 18
10 5
16 5
15 10
50 3
63 15
12 3
42 14
62 14
61 8
84 14
41 8
90 10
81 16
18 5
28 0
43 13
69 3
75 11
91 12
33 6
20 16
16 14
77 15
17 15
45 8
72 5
32 13
91 17
33 16
83 3
55 8
96 0
85 14
7 0
96 4
31 9
84 9
78 11
22 8
97 9
96 14
50 12
32 5
39 16
49 14
26 0
50 12
28 8
95 8
13 8
74 5
8 12
87 16
16 0
81 8
75 1
82 15
2 5
66 1
79 3
63 17
20 9
29 16
47 14
82 17
14 16
2 17
13 18
6 7
98 18
41 3
60 12
0 7
37 0
2 14
81 15
21 17
76 16
47 1
69 15
83 8
85 4
3 12
73 0
26 16
90 12
46 12
89 16
12 13
12 2
41 12
78 15
66 22

11 86
29
2 45
5 63
7 61
8 44
6 41
6 27
4 43
3 47
4 59
10 40
5 75
3 16
0 50
7 59
7 41
9 65
9 13
4 16
2 0
8 38
3 23
8 29
7 27
5 45
4 11
7 59
4 31
0 76
5 71
29 22
