5

34 6
98
16 1
24 1
8 2
12 0
18 0
13 5
13 4
17 5
21 1
10 2
29 2
29 4
10 3
20 4
32 0
21 1
9 3
0 0
19 0
26 3
4 1
33 4
11 2
11 2
4 1
7 1
7 4
19 0
19 0
4 3
24 5
14 3
10 2
33 1
0 1
14 1
4 5
5 0
4 2
30 2
11 3
23 3
13 0
11 0
30 5
32 0
22 0
28 0
27 5
9 3
27 3
22 1
11 1
21 1
17 0
5 3
29 4
22 3
18 5
23 5
30 5
9 4
0 1
32 1
13 3
10 0
20 5
3 5
26 5
28 0
25 3
13 4
9 1
3 4
8 1
9 2
14 0
12 4
30 0
31 5
33 0
23 5
15 4
33 1
33 5
33 4
1 4
11 0
21 2
4 1
15 5
23 2
6 5
26 4
19 2
27 0
32 4
20 3
1 1

39 15
125
24 3
36 14
1 2
24 1
21 14
32 10
34 11
23 0
4 6
16 12
28 10
18 8
7 9
5 13
8 14
22 2
33 7
17 1
1 3
9 5
30 4
1 10
25 6
3 0
27 4
7 14
3 13
5 11
35 14
9 14
8 7
26 9
1 2
14 8
12 12
14 7
5 12
18 0
28 4
10 7
18 5
10 7
32 12
33 2
15 4
11 3
13 2
3 3
20 14
33 9
30 9
26 11
13 2
16 9
16 12
8 7
21 7
6 5
23 9
21 0
21 8
0 2
20 0
26 6
10 8
24 10
18 0
26 8
33 3
24 1
18 2
34 1
1 14
4 13
30 14
13 7
35 9
24 2
34 6
8 8
20 0
7 1
10 3
21 1
25 10
4 13
16 11
32 13
17 13
32 3
28 1
37 4
26 11
31 4
11 6
27 9
10 1
10 5
17 4
24 9
15 1
35 10
16 6
27 7
32 3
31 1
5 13
8 14
30 3
3 12
28 1
13 6
15 8
36 13
4 9
14 10
0 14
0 14
18 13
28 8
37 1
22 13
29 6
13 0
19 8
5 5

35 38
78
11 36
10 14
4 10
15 1
27 10
14 26
13 20
27 26
15 24
28 0
29 24
14 5
0 31
6 18
9 5
4 2
21 25
18 24
22 1
9 35
30 19
7 0
24 35
12 13
11 17
27 37
10 9
4 31
28 21
29 31
17 13
11 8
26 27
18 29
16 15
16 12
4 11
9 35
12 33
9 24
4 2
6 31
32 23
26 30
20 14
4 26
31 34
18 21
10 24
12 8
17 0
15 35
29 27
26 15
23 36
29 13
26 3
8 28
10 26
3 10
31 22
22 24
12 12
15 36
30 36
27 15
33 4
22 26
21 0
33 33
25 21
25 15
5 25
30 29
21 3
12 10
18 16
11 16
9 3

17 21
104
4 17
4 0
3 18
13 8
10 14
2 18
13 12
11 6
5 14
10 10
1 9
2 3
11 16
9 19
12 2
12 17
13 17
15 13
2 7
14 20
6 17
10 15
8 9
2 20
12 4
10 11
4 1
12 15
0 8
0 9
16 11
10 3
10 19
2 20
3 14
7 3
15 14
12 18
5 16
1 2
0 1
13 10
14 6
1 16
2 17
9 20
13 6
5 13
10 18
10 9
14 11
14 19
1 7
9 2
5 8
13 20
12 16
8 10
16 11
15 11
9 7
11 11
0 10
12 18
5 16
15 14
14 15
14 4
12 5
3 1
7 9
4 20
0 9
3 2
3 12
9 3
16 18
9 9
1 16
1 12
1 9
16 14
3 15
13 3
10 2
7 8
7 3
11 12
15 14
16 8
6 0
6 20
11 0
4 5
11 11
10 4
14 19
1 19
14 12
15 9
5 2
16 1
0 1
11 15
8 8

28 35
73
25 8
15 19
7 18
8 4
18 33
1 24
7 7
22 4
6 1
3 22
24 32
4 18
23 13
10 4
15 26
14 20
20 27
23 12
2 15
23 34
11 16
21 16
0 1
20 4
24 2
18 11
7 8
16 2
14 12
4 14
23 5
27 15
16 27
11 9
21 21
23 32
0 9
6 14
16 11
18 3
6 22
0 25
3 9
11 29
27 23
15 27
19 19
5 14
4 24
22 18
24 10
13 1
17 18
8 19
15 10
13 19
19 14
3 6
14 14
7 11
14 21
3 19
5 23
25 29
26 12
3 34
20 17
14 30
21 27
27 6
16 26
25 0
10 12
4 2
