6

9 9
3
4 3
4 4
4 5
3 1

5 5
4
1 2
2 1
2 2
2 3
4 1

4 4
2
1 1
1 2
4 1

5 5
5
1 2
2 1
2 2
2 3
3 2
3 1

15 15
156
5 1
10 13
7 4
5 7
10 6
0 8
14 11
0 5
11 13
0 7
11 3
1 2
13 14
1 8
12 5
0 13
13 6
10 11
13 7
9 4
3 8
8 2
5 7
0 3
6 12
6 13
4 1
13 12
14 13
12 13
3 9
1 14
5 9
9 0
2 13
12 14
12 10
14 6
8 12
13 14
3 9
8 1
6 11
2 5
11 2
0 9
3 1
2 3
12 13
8 7
3 2
5 7
6 14
12 1
9 13
1 13
0 11
10 6
11 0
14 5
6 4
4 14
7 4
3 9
10 12
2 14
14 5
8 7
0 8
13 9
10 0
9 12
10 2
9 5
3 14
13 5
2 3
11 10
11 14
4 14
6 7
7 11
5 8
13 4
3 7
0 3
4 1
7 5
12 2
5 1
12 4
13 7
8 10
5 1
2 12
10 3
3 9
9 13
9 3
10 0
11 5
0 5
1 12
0 13
6 3
4 9
0 4
6 3
8 14
9 14
4 11
1 6
11 4
10 11
13 0
10 8
5 10
6 10
14 13
0 6
10 9
13 0
14 13
6 10
5 11
2 7
9 4
2 8
8 1
2 7
12 3
0 1
9 11
2 14
8 1
2 8
4 3
2 3
5 4
6 14
3 6
4 10
4 1
9 3
9 1
11 0
1 14
13 8
1 3
1 0
6 0
11 0
0 11
5 4
5 3
12 1
20 2

15 15
156
5 2
12 1
6 2
12 11
5 4
9 3
2 3
9 10
13 7
5 6
2 14
4 12
14 11
3 7
6 10
0 6
8 9
6 1
2 4
3 11
13 3
13 1
12 7
6 14
9 0
0 5
2 11
2 7
3 9
13 4
13 12
13 12
3 8
9 11
12 7
11 7
11 9
12 10
0 1
2 12
0 10
12 9
12 9
8 12
7 1
3 1
4 1
3 8
6 0
10 11
12 5
6 14
5 12
10 14
12 0
0 12
8 7
11 14
12 13
2 0
0 2
4 5
1 9
9 14
12 1
3 10
11 13
11 4
9 8
3 2
12 13
10 1
10 6
7 1
8 2
0 7
3 11
9 4
2 14
2 14
12 13
3 12
6 5
11 7
7 9
1 2
3 1
14 2
8 3
6 13
13 3
9 11
2 6
3 2
2 6
13 14
13 9
2 0
11 14
13 7
7 1
12 11
0 13
4 14
5 9
7 13
3 6
11 4
14 13
11 9
8 7
13 4
14 13
13 4
11 10
1 5
9 14
0 13
12 11
6 5
13 12
7 0
13 5
12 6
3 7
8 2
3 13
8 3
12 8
8 3
2 4
10 0
12 0
5 1
3 4
8 1
14 11
4 11
8 12
0 11
1 8
0 14
1 3
3 13
4 3
13 7
1 13
2 1
2 7
7 11
4 10
3 2
0 6
3 2
4 6
6 14
20 2
