7

18 11
41
14 1
11 10
17 5
13 6
16 9
0 1
15 7
12 9
17 5
10 3
8 9
2 3
2 1
8 6
7 0
10 7
16 1
5 5
14 0
16 10
2 1
14 9
2 10
1 7
17 7
0 9
8 7
12 0
5 8
12 5
3 9
8 2
6 8
17 7
6 9
13 6
5 7
15 6
6 9
2 3
6 7
7 1

27 18
66
3 11
6 13
22 4
18 17
1 8
26 2
24 17
2 13
3 4
9 3
24 11
4 6
26 15
9 15
7 10
7 1
23 15
8 10
23 6
18 2
2 11
22 17
11 14
7 1
1 0
11 5
25 9
15 6
16 10
0 1
10 3
16 13
18 2
2 9
5 1
7 0
22 4
16 7
13 17
12 10
14 9
12 8
10 12
14 7
16 5
5 3
3 9
1 3
6 13
24 17
20 7
10 12
5 12
1 3
2 10
13 0
17 10
4 1
22 12
22 1
23 11
8 16
25 17
26 8
1 17
10 17
7 1

19 24
49
9 15
8 8
7 3
10 0
0 15
13 2
14 11
18 11
3 14
3 10
13 18
12 11
16 8
6 19
5 8
11 16
5 12
14 23
15 10
3 9
2 3
2 17
13 3
4 0
18 9
2 19
16 23
1 19
10 3
5 19
6 1
12 22
14 6
15 18
2 20
10 4
15 5
3 1
16 7
7 16
0 6
7 11
1 12
9 4
2 19
2 7
4 4
10 10
15 23
8 2

15 15
42
8 14
10 1
7 4
2 11
5 5
10 9
8 4
9 8
14 6
0 3
7 10
1 10
9 10
1 5
10 11
9 10
5 4
6 3
9 14
1 3
4 2
14 14
10 6
0 6
2 0
10 10
2 14
13 2
8 14
5 1
11 14
13 11
13 7
3 14
3 5
9 3
5 3
4 13
2 1
10 11
10 3
11 10
4 4

24 23
61
10 19
21 12
15 9
17 5
2 3
19 12
7 11
21 16
1 14
10 1
2 1
20 0
6 4
5 8
18 9
22 16
21 15
20 13
19 6
18 14
19 8
11 8
17 14
6 14
6 2
11 6
20 14
21 18
4 11
6 16
19 22
11 1
23 14
17 0
4 12
17 11
21 19
21 16
17 0
11 13
14 17
12 8
20 14
14 7
18 11
2 17
11 15
14 21
4 1
18 8
22 2
11 5
16 20
16 5
15 10
1 4
1 13
11 8
3 14
10 3
7 17
5 1

26 14
40
18 3
2 5
13 10
23 3
2 1
25 13
17 1
4 11
4 5
11 13
8 13
9 8
12 0
24 7
2 2
18 10
25 11
10 4
16 13
0 4
19 12
2 3
8 7
13 11
8 2
5 8
13 1
25 2
5 11
17 4
10 13
12 8
16 4
19 6
0 11
12 13
24 10
12 11
20 3
18 1
4 2

28 22
66
14 11
17 7
1 16
26 2
25 3
16 15
5 2
19 9
15 19
12 16
19 3
26 9
24 8
9 8
1 19
8 19
15 20
15 8
4 13
13 2
27 18
22 15
6 0
20 12
7 21
9 6
3 17
22 9
15 8
12 12
11 3
8 16
10 15
7 19
15 14
7 9
17 21
16 19
1 8
12 13
7 16
16 1
10 0
1 11
12 8
24 0
27 5
8 9
13 20
15 16
21 12
25 12
18 17
24 18
23 11
17 2
27 10
11 5
5 0
14 9
17 10
15 14
13 10
22 9
21 7
4 16
4 4
