15

3 5
10
1 2
0 2
1 0
0 2
2 4
2 4
0 0
2 3
0 0
1 3
15 15

8 17
121
6 9
4 16
2 2
1 5
5 6
5 11
2 0
1 9
0 7
2 3
0 11
1 5
5 12
5 10
6 5
7 4
6 6
6 10
2 9
2 10
6 0
4 12
1 4
1 4
2 16
1 0
7 1
2 9
1 16
0 10
5 8
6 5
7 2
5 1
2 13
3 7
3 14
0 0
6 4
5 8
6 4
0 1
3 12
2 15
5 5
7 11
7 2
1 9
1 8
1 6
2 9
0 5
5 8
4 9
0 12
0 8
5 0
0 4
3 1
2 8
6 3
6 2
6 5
6 11
0 16
0 2
2 0
6 0
5 2
6 12
5 12
2 12
1 3
3 12
5 14
4 0
5 7
7 14
7 5
2 15
2 2
3 16
7 13
4 10
1 13
3 6
4 15
4 16
0 9
3 10
0 1
6 0
2 10
3 5
2 9
0 14
7 5
1 14
4 4
5 10
5 7
1 8
0 1
3 5
7 0
7 15
3 8
6 7
1 10
7 3
6 3
6 9
2 1
0 7
5 6
1 1
0 3
4 16
1 2
1 3
6 6
5 1

3 15
8
1 7
1 8
1 5
1 4
2 6
0 0
2 12
0 6
15 4

3 10
14
2 8
1 8
2 9
1 2
1 1
0 7
1 7
0 0
0 0
1 9
0 5
1 1
0 0
2 9
14 5

12 3
7
4 2
10 2
4 2
9 2
2 1
2 1
11 2
12 10

15 18
121
13 17
2 1
14 2
13 15
3 1
2 3
9 13
7 17
13 16
11 5
7 0
14 13
8 3
3 11
2 6
8 12
13 8
7 3
4 9
12 0
7 2
7 4
4 9
11 17
7 17
6 9
0 14
10 4
4 11
3 10
8 5
7 6
3 9
10 15
14 8
6 14
4 0
5 10
10 10
7 2
2 10
11 0
2 13
6 17
10 16
3 7
7 7
1 8
3 4
6 11
13 5
14 14
1 13
2 6
11 3
6 6
0 5
8 13
10 4
2 2
5 12
2 1
2 15
14 1
5 10
10 16
11 1
0 13
9 4
14 3
14 12
3 7
4 0
7 13
0 11
10 11
12 2
10 13
13 14
3 8
2 3
14 11
7 1
11 2
11 9
4 9
13 4
5 14
12 5
9 17
12 7
9 8
3 10
7 5
5 6
3 1
6 17
5 12
11 7
13 2
5 9
14 2
14 0
0 9
13 8
7 14
11 11
6 15
12 6
5 3
9 10
12 1
10 3
10 5
5 6
9 7
10 9
11 6
9 15
0 16
1 5
4 1

15 4
9
6 0
10 2
9 2
7 3
2 1
9 0
3 2
3 1
4 3
14 3

11 5
12
8 3
7 1
7 4
7 1
1 4
4 1
1 3
4 1
3 1
7 3
0 0
4 3
19 9

18 11
69
6 5
10 4
10 2
4 6
10 3
0 10
13 5
17 2
15 0
10 5
11 1
11 4
5 2
3 1
5 9
13 1
12 3
5 6
3 9
12 5
5 4
8 6
1 5
17 8
17 6
0 10
8 2
9 6
1 1
10 2
7 2
16 8
9 8
10 8
5 10
15 6
9 2
14 4
15 1
6 9
12 7
17 9
13 10
15 2
5 6
7 5
3 0
7 2
1 8
0 6
17 9
17 1
12 2
5 10
0 3
5 10
16 10
7 4
3 4
9 7
17 1
2 10
9 5
10 1
4 1
13 3
14 3
13 6
16 1
3 3

1 19
19
0 7
0 7
0 2
0 1
0 12
0 13
0 14
0 1
0 7
0 0
0 7
0 12
0 8
0 7
0 10
0 16
0 12
0 6
0 0
10 5

9 6
10
5 0
0 2
0 2
4 3
2 2
4 2
8 3
6 0
7 0
5 3
12 12

2 1
1
1 0
3 1

12 7
22
6 1
3 3
8 6
3 2
10 1
1 4
1 0
9 4
5 4
4 0
11 2
6 0
11 3
0 6
0 3
10 3
1 1
1 2
4 3
2 3
10 2
11 4
12 8

5 10
8
0 2
2 4
3 8
0 6
4 5
1 6
1 7
2 3
8 2

9 16
114
0 9
8 4
4 12
4 3
8 13
0 9
7 13
0 14
2 11
1 12
6 5
3 1
3 14
1 4
0 10
3 15
1 0
1 10
3 11
3 9
0 14
0 3
2 8
1 2
4 15
6 7
7 7
4 4
4 9
0 8
0 10
5 8
8 11
3 1
8 10
0 8
1 4
7 6
7 5
0 9
7 4
3 10
7 12
2 9
8 10
6 1
0 14
2 9
6 11
1 1
7 9
3 4
3 10
7 9
0 6
4 15
0 12
5 5
5 0
7 1
1 7
5 5
4 10
6 14
6 7
5 12
4 13
6 2
6 15
6 1
5 14
5 15
7 12
5 15
1 1
5 12
6 13
4 10
0 1
8 3
8 3
3 14
0 12
1 9
1 11
0 5
2 11
7 15
6 9
5 14
0 14
3 11
3 8
5 15
4 5
8 6
7 12
7 1
7 7
3 0
2 6
0 10
6 7
8 2
3 5
2 10
2 5
8 3
8 14
4 4
2 2
7 15
6 3
2 3
8 5
