420554 825621
391341 328468
148341 529277
569023 981098
243933 44170
928490 696126
61866 437507
989922 83909
533648 917200
354875 283950
518506 625245
201386 388012
670929 281072
500574 784162
234123 79317
181154 171028
904937 88847
15847 569629
618123 584869
67078 378408
629038 995568
74533 207256
949426 580807
291164 483073
498006 646039
767022 532863
787635 968408
920874 458563
249479 937800
759076 999953
533468 940230
170981 954756
29076 186827
524384 163550
288048 591462
541957 433437
103381 132842
640692 52806
713648 931856
52230 728005
94246 819251
260867 398232
304010 698093
856795 69840
635892 615870
69793 685711
72451 757125
640466 617878
460303 681201
781428 748350
272662 839736
698139 892394
488929 338830
461551 718928
787037 513780
446932 397634
333031 224151
795866 153392
922243 169012
223232 74486
301233 809376
760196 373684
566500 400661
507913 26802
598213 289340
291504 870875
645428 989642
279620 134356
844823 741171
853284 631860
254950 816567
29493 104332
40717 341710
257724 962959
27073 997307
553796 328306
806682 313991
218341 373181
231003 726253
916334 829216
531945 207837
216442 177372
713830 496061
828079 558653
753583 197714
190512 8533
14281 736356
629216 54997
594418 403291
534308 621490
400597 88103
949795 723630
918446 168135
96810 665800
894388 529496
495015 942684
253684 227808
120055 967514
240221 464485
526166 993803
662199 233029
518687 676479
485736 147903
247827 80153
67545 298486
217995 984494
902941 167789
708123 821386
852276 321285
487185 263015
850780 498552
205698 620815
242711 842104
588328 482931
306588 630845
476734 968786
380225 511772
161616 382313
176026 409443
978817 243571
224280 196811
228064 127220
880952 452538
464957 249579
773822 468494
512593 140953
483397 234642
761768 726107
593097 866447
209038 899684
13644 202123
384822 393868
230246 546437
292532 406272
472231 271349
649842 696511
468159 394257
823730 865462
846794 805039
115040 136968
273532 143984
277920 756928
378625 556039
483034 971721
938838 208423
387757 952481
926897 772578
862700 157143
835366 155232
563414 307597
426580 729607
520459 411090
640215 860540
792904 3360
665578 907943
656679 939109
568279 450951
696036 946903
6989 695422
434976 945826
420196 339084
898306 347093
111661 277358
504235 463378
432589 584000
770974 375520
829958 807784
302961 986524
668324 95864
989883 333901
520159 162914
789362 88437
613864 1749
551691 137204
697170 986666
83030 117366
842101 497687
980810 470113
775044 1396
933491 723984
585395 220816
99503 931704
28600 918816
918227 696923
14679 424461
30823 534837
103726 336536
139625 717589
338285 691316
854793 35454
194333 454174
669171 36434
468212 649980
506546 243256
651375 440036
483591 753121
660852 99446
201176 689451
18261 635754
902725 549291
576567 449899
600480 680292
786435 740104
914233 124719
431419 769025
676524 625752
223198 345695
662185 691409
512026 168730
451016 679753
125118 450959
949225 302321
550404 666753
508123 85016
302506 410847
634306 395424
860745 234785
75716 163531
491241 989948
288249 922659
275324 964773
548410 14873
826819 726946
706281 855196
412028 673649
51300 537145
124607 525
355817 191362
183629 863939
276377 486134
791137 427034
397910 651881
178171 473625
815412 669411
979924 620012
592069 255247
101136 656831
270119 927954
383776 492751
299502 795803
682751 350801
849299 807357
867677 205115
515070 51305
585405 307798
53791 376541
734832 451700
544774 429354
441676 876537
98764 421599
12900 207184
193197 114036
380366 979667
558341 280494
988769 857842
592648 671520
724995 441947
995228 592671
163413 510298
643976 265170
818095 214118
158062 69278
665817 702835
14983 107492
95723 630098
45442 108623
837282 238638
739010 733999
218304 297350
14492 723424
671544 607140
394943 396538
565438 390171
989208 245202
900468 149535
510371 234914
363652 668433
820544 29468
887619 835526
136959 499694
465624 698752
124668 819257
937389 863677
69607 672044
677378 84099
395468 348921
207590 790410
745458 773027
696932 734666
534580 113751
884200 561303
348665 764204
746087 685560
793671 150057
37437 446982
649750 503060
145733 290769
838668 599474
670797 908275
787869 348175
